Chrome_Extension/data/gfs_velocity_925mb.json
{"header": { "discipline": 0, "disciplineName": "Meteorological products", "parameterCategory": 2, "parameterCategoryName": "Momentum", "parameterNumber": 2, "parameterNumberName": "U-component_of_wind", "parameterUnit": "m.s-1", "forecastTime": 1, "refTime": "2021-03-21 06:00:00", "surface1Type": 100, "surface1TypeName": "Isobaric surface", "surface1Value": 925, "gridDefinition": "Latitude_Longitude", "nx": 280, "ny": 200, "lo1": -140.0, "la1": 65.0, "lo2": -70.25, "la2": 15.25, "dx": 0.25, "dy": 0.25, "unit": "m/s" }, "data":
[rows 19 to 37 of 200, columns 0 to 42 of 280]
-2.1046948432922363,-0.16469483077526093,0.07530517876148224,-1.3446948528289795,-1.6146948337554932,-0.574694812297821,0.07530517876148224,0.06530517339706421,0.1853051781654358,0.35530516505241394,-0.14469482004642487,-0.6046948432922363,-0.824694812297821,-1.37469482421875,-1.3946948051452637,-1.1146948337554932,-1.3446948528289795,-1.6146948337554932,-1.7446948289871216,-1.2446948289871216,-0.8046948313713074,-0.7146947979927063,-0.7146947979927063,-0.8446948528289795,-1.1346948146820068,-1.4446948766708374,-1.4946948289871216,-1.5946948528289795,-1.4146947860717773,-1.2046948671340942,-1.284694790840149,-1.6146948337554932,-1.6046948432922363,-1.724694848060608,-1.8946948051452637,-1.7046948671340942,-1.434694766998291,-1.1146948337554932,-0.4346948266029358,0.23530517518520355,0.13530518114566803,-0.41469481587409973,-0.9646947979927063
-2.734694719314575,-2.3946948051452637,-1.8946948051452637,-2.564694881439209,-2.8346948623657227,-1.6646947860717773,-0.62469482421875,-0.5246948003768921,-0.8046948313713074,-0.8646948337554932,-0.38469481468200684,-0.23469482362270355,-0.8846948146820068,-1.6046948432922363,-1.534694790840149,-1.2446948289871216,-1.3546948432922363,-1.564694881439209,-1.284694790840149,-0.9646947979927063,-1.224694848060608,-1.4246947765350342,-1.1346948146820068,-0.9046947956085205,-0.9046947956085205,-1.0746948719024658,-1.4846948385238647,-1.564694881439209,-1.4146947860717773,-1.5846948623657227,-1.974694848060608,-1.7646948099136353,-1.6646947860717773,-1.8846948146820068,-1.7446948289871216,-1.464694857597351,-1.4246947765350342,-1.3246948719024658,-0.7846948504447937,0.015305175445973873,0.37530517578125,-0.014694823883473873,-0.87469482421875
-6.184694766998291,-5.274694919586182,-4.064694881439209,-2.994694709777832,-2.3346948623657227,-2.364694833755493,-1.814694881439209,-0.7946948409080505,-1.0946948528289795,-1.974694848060608,-1.274694800376892,-0.6146948337554932,-1.1546947956085205,-1.3646948337554932,-0.7646948099136353,-0.7246948480606079,-1.4246947765350342,-1.934694766998291,-1.524694800376892,-1.2946947813034058,-1.684694766998291,-1.8046947717666626,-1.4146947860717773,-1.184694766998291,-1.1546947956085205,-1.224694848060608,-1.4046947956085205,-1.3546948432922363,-1.1746947765350342,-1.7346948385238647,-2.2746949195861816,-1.724694848060608,-1.3946948051452637,-1.7646948099136353,-1.724694848060608,-1.524694800376892,-1.314694881439209,-1.2946947813034058,-0.924694836139679,-0.4046948254108429,-0.19469481706619263,-0.38469481468200684,-0.5246948003768921
-9.474695205688477,-8.87469482421875,-8.274694442749023,-7.464694976806641,-5.584694862365723,-3.1646947860717773,-2.5446949005126953,-2.504694938659668,-2.0946948528289795,-2.62469482421875,-2.5446949005126953,-1.9046947956085205,-1.6446948051452637,-1.0746948719024658,0.2753051817417145,0.9153051972389221,0.20530517399311066,-0.7846948504447937,-1.1646947860717773,-1.714694857597351,-2.014694929122925,-1.8546948432922363,-1.5846948623657227,-1.564694881439209,-1.524694800376892,-1.4546948671340942,-1.774694800376892,-1.4846948385238647,-1.3046947717666626,-1.4046947956085205,-1.534694790840149,-1.2646948099136353,-1.434694766998291,-2.1046948432922363,-1.974694848060608,-1.7046948671340942,-1.6746947765350342,-1.6646947860717773,-1.6646947860717773,-0.9446948170661926,-0.16469483077526093,0.19530516862869263,0.4453051686286926
-11.424695014953613,-11.12469482421875,-10.824694633483887,-10.334694862365723,-9.884695053100586,-7.944694995880127,-5.494694709777832,-3.2946949005126953,-3.0846948623657227,-3.4746947288513184,-1.8646948337554932,-1.524694800376892,-1.464694857597351,-1.214694857597351,-0.8146948218345642,-0.35469481348991394,0.11530517786741257,1.12530517578125,0.42530518770217896,-0.7046948075294495,-1.974694848060608,-2.174694776535034,-2.064694881439209,-1.534694790840149,-1.1646947860717773,-1.784694790840149,-1.9546948671340942,-1.434694766998291,-1.5946948528289795,-1.7346948385238647,-1.6646947860717773,-1.564694881439209,-2.174694776535034,-2.6046948432922363,-2.0446949005126953,-1.5946948528289795,-1.5146948099136353,-1.4146947860717773,-1.4846948385238647,-1.284694790840149,-0.7546948194503784,-0.32469481229782104,-0.054694823920726776
-12.074694633483887,-11.884695053100586,-11.414694786071777,-11.03469467163086,-10.864694595336914,-10.93469524383545,-10.194694519042969,-6.524694919586182,-2.6446948051452637,-3.7746949195861816,-2.6546947956085205,0.62530517578125,1.5853052139282227,0.6653051972389221,-0.6446948051452637,-1.0946948528289795,-1.9446948766708374,-2.1646947860717773,0.005305175669491291,-0.02469482459127903,-0.824694812297821,-2.4046947956085205,-2.62469482421875,-2.0446949005126953,-1.6346948146820068,-1.37469482421875,-1.3046947717666626,-1.1746947765350342,-1.5046948194503784,-1.814694881439209,-1.474694848060608,-1.3446948528289795,-1.8946948051452637,-2.7046947479248047,-2.7846949100494385,-3.174694776535034,-3.7746949195861816,-3.734694719314575,-2.2246947288513184,-1.5746948719024658,-1.224694848060608,-0.8546948432922363,-0.7046948075294495
-16.094694137573242,-14.734694480895996,-13.594695091247559,-12.154694557189941,-10.014695167541504,-8.864694595336914,-8.954694747924805,-9.524694442749023,-9.024694442749023,-4.204694747924805,-3.364694833755493,-2.5846948623657227,0.8553051948547363,2.1453051567077637,0.575305163860321,-1.1146948337554932,-2.134694814682007,-2.194694757461548,-1.964694857597351,-0.8646948337554932,-1.224694848060608,-1.8646948337554932,-2.444694757461548,-2.254694938659668,-1.564694881439209,-1.3646948337554932,-1.5546947717666626,-1.6146948337554932,-1.5146948099136353,-1.5146948099136353,-1.434694766998291,-1.4146947860717773,-0.9546948075294495,-1.3046947717666626,-3.4146947860717773,-3.3446948528289795,-1.8646948337554932,-1.8946948051452637,-2.3546948432922363,-1.7646948099136353,-1.2946947813034058,-1.3446948528289795,-1.4546948671340942
-17.394695281982422,-18.664695739746094,-18.974695205688477,-18.174694061279297,-17.234695434570312,-16.484695434570312,-16.084693908691406,-15.984694480895996,-15.724695205688477,-14.794694900512695,-12.044694900512695,-7.914694786071777,-3.8446948528289795,-2.8446948528289795,-2.0446949005126953,-1.9246947765350342,-3.8346948623657227,-3.944694757461548,-2.884694814682007,-1.6646947860717773,-2.6446948051452637,-2.8546948432922363,-2.944694757461548,-2.2046947479248047,-1.62469482421875,-1.7946947813034058,-2.134694814682007,-2.1046948432922363,-1.4446948766708374,-1.3446948528289795,-1.284694790840149,-1.3246948719024658,-1.4046947956085205,-1.9246947765350342,-2.424694776535034,-2.264694929122925,-1.6746947765350342,-1.8246948719024658,-2.184694766998291,-1.5746948719024658,-1.2646948099136353,-1.8246948719024658,-2.134694814682007
-12.394695281982422,-14.43469524383545,-16.614694595336914,-18.654695510864258,-19.674694061279297,-20.184694290161133,-20.00469398498535,-19.584693908691406,-19.234695434570312,-19.144695281982422,-19.384695053100586,-19.264694213867188,-19.46469497680664,-16.184694290161133,-13.114694595336914,-10.004694938659668,-8.954694747924805,-9.994694709777832,-10.984694480895996,-8.454694747924805,-5.484694957733154,-3.814694881439209,-3.564694881439209,-2.684694766998291,-2.754694938659668,-2.0846948623657227,-2.0946948528289795,-2.194694757461548,-1.8246948719024658,-1.8546948432922363,-1.4846948385238647,-1.2346948385238647,-1.434694766998291,-1.8946948051452637,-2.2146947383880615,-1.534694790840149,-0.6946948170661926,-0.8846948146820068,-1.6946948766708374,-1.5846948623657227,-1.684694766998291,-2.264694929122925,-1.814694881439209
-7.204694747924805,-8.71469497680664,-10.574694633483887,-12.554695129394531,-14.424695014953613,-16.434694290161133,-17.69469451904297,-18.224695205688477,-18.53469467163086,-18.564695358276367,-17.584693908691406,-15.694694519042969,-13.194694519042969,-11.544694900512695,-7.754694938659668,-3.364694833755493,-2.634694814682007,-2.634694814682007,-3.0346949100494385,-4.614694595336914,-6.304694652557373,-5.354694843292236,-3.134694814682007,-2.444694757461548,-2.5346949100494385,-2.2046947479248047,-2.004694938659668,-1.8846948146820068,-1.934694766998291,-2.4546947479248047,-2.314694881439209,-1.4146947860717773,-1.1046948432922363,-1.0546947717666626,-0.9646947979927063,-0.7446948289871216,-0.6046948432922363,-1.6346948146820068,-2.244694709777832,-2.114694833755493,-2.6546947956085205,-2.764694929122925,-2.254694938659668
-2.924694776535034,-4.394694805145264,-5.784694671630859,-6.994694709777832,-8.06469440460205,-9.024694442749023,-10.384695053100586,-11.894695281982422,-13.364694595336914,-14.31469440460205,-13.954694747924805,-12.554695129394531,-11.904694557189941,-11.644695281982422,-10.974695205688477,-9.584694862365723,-6.064694881439209,-5.674695014953613,-4.614694595336914,-3.674694776535034,-4.704694747924805,-7.864694595336914,-5.634695053100586,-2.764694929122925,-2.7946949005126953,-3.7746949195861816,-3.184694766998291,-2.0346949100494385,-2.304694890975952,-2.2246947288513184,-1.9446948766708374,-1.7946947813034058,-1.3246948719024658,-0.9946948289871216,-1.564694881439209,-1.6746947765350342,-1.3046947717666626,-2.0346949100494385,-1.3846948146820068,-0.5346948504447937,-1.184694766998291,-1.784694790840149,-1.534694790840149
3.5353052616119385,1.6353051662445068,-0.3446948230266571,-2.194694757461548,-3.6546947956085205,-4.684694766998291,-5.514694690704346,-6.224694728851318,-7.014694690704346,-8.114694595336914,-9.664694786071777,-11.234694480895996,-11.794694900512695,-11.18469524383545,-10.62469482421875,-10.504694938659668,-10.334694862365723,-6.964694976806641,-5.144694805145264,-6.354694843292236,-6.684694766998291,-6.004694938659668,-7.074694633483887,-5.974694728851318,-4.144694805145264,-5.754694938659668,-5.814694881439209,-3.2046947479248047,-2.804694890975952,-2.814694881439209,-2.0246949195861816,-1.1046948432922363,-0.5546948313713074,-0.7946948409080505,-1.724694848060608,-1.534694790840149,-1.6646947860717773,-2.2946949005126953,-1.3346948623657227,-1.024694800376892,-2.0846948623657227,-1.4446948766708374,-1.034694790840149
9.805305480957031,8.68530559539795,7.475305080413818,5.895305156707764,3.985305070877075,1.965305209159851,0.08530517667531967,-1.274694800376892,-2.2946949005126953,-3.1446948051452637,-3.7746949195861816,-4.524694919586182,-6.294694900512695,-8.444694519042969,-9.344695091247559,-9.28469467163086,-9.664694786071777,-9.854694366455078,-7.054694652557373,-3.004694938659668,-4.194694995880127,-8.594695091247559,-7.674695014953613,-4.824694633483887,-6.504694938659668,-6.634695053100586,-4.694694995880127,-4.394694805145264,-2.744694709777832,-2.3346948623657227,-2.574694871902466,-1.9246947765350342,-0.62469482421875,-0.62469482421875,-1.7646948099136353,-1.724694848060608,-1.62469482421875,-1.8446948528289795,-1.2346948385238647,-1.464694857597351,-2.984694719314575,-2.014694929122925,-1.3846948146820068
11.68530559539795,11.945304870605469,11.96530532836914,11.905304908752441,11.655304908752441,10.725305557250977,9.475305557250977,7.785305023193359,5.885305404663086,3.5453052520751953,1.62530517578125,0.16530518233776093,-1.4046947956085205,-3.574694871902466,-6.284694671630859,-8.03469467163086,-8.134695053100586,-7.524694919586182,-7.184694766998291,-4.744694709777832,-2.494694709777832,-2.8446948528289795,-5.934694766998291,-10.354694366455078,-11.924695014953613,-11.394695281982422,-8.68469524383545,-6.984694957733154,-6.384695053100586,-5.37469482421875,-4.224694728851318,-2.5946948528289795,-0.7946948409080505,-0.9346948266029358,-2.4146947860717773,-3.0246949195861816,-1.8046947717666626,-1.214694857597351,-1.4546948671340942,-2.014694929122925,-2.134694814682007,-1.714694857597351,-1.7646948099136353
11.385305404663086,12.095305442810059,12.445304870605469,12.525304794311523,12.03530502319336,11.075304985046387,10.095305442810059,8.835305213928223,7.135305404663086,5.645305156707764,4.195305347442627,2.945305109024048,1.5953052043914795,0.005305175669491291,-1.8446948528289795,-4.4046950340271,-7.264694690704346,-8.414694786071777,-8.12469482421875,-7.004694938659668,-3.7746949195861816,-2.4146947860717773,-3.6046948432922363,-3.4746947288513184,-6.714694976806641,-10.354694366455078,-11.324694633483887,-9.074694633483887,-6.734694957733154,-8.354694366455078,-7.694694995880127,-3.6646947860717773,-2.4646947383880615,-2.514694929122925,-2.9046947956085205,-2.484694719314575,-1.87469482421875,-1.8346948623657227,-1.6946948766708374,-1.8646948337554932,-1.8546948432922363,-1.4246947765350342,-1.5846948623657227
11.355304718017578,11.795305252075195,12.62530517578125,13.345305442810059,13.475305557250977,13.005305290222168,12.335305213928223,11.695304870605469,11.03530502319336,10.335305213928223,9.155304908752441,7.535305023193359,6.145305156707764,4.565305233001709,2.515305280685425,0.6953051686286926,-1.1546947956085205,-3.934694766998291,-7.614694595336914,-9.864694595336914,-7.244694709777832,-3.9746947288513184,-5.634695053100586,-7.684694766998291,-8.344695091247559,-10.264695167541504,-13.614694595336914,-12.094695091247559,-9.904694557189941,-7.634695053100586,-8.614694595336914,-5.394694805145264,-2.434694766998291,-2.014694929122925,-2.004694938659668,-1.9046947956085205,-1.9246947765350342,-1.3946948051452637,-1.564694881439209,-1.8046947717666626,-1.4546948671340942,-1.3946948051452637,-1.714694857597351
12.46530532836914,12.68530559539795,13.06530475616455,13.205305099487305,13.31530475616455,13.515305519104004,13.46530532836914,12.765305519104004,12.195304870605469,12.165305137634277,11.795305252075195,10.485304832458496,9.155304908752441,8.31530475616455,7.245305061340332,5.725305080413818,4.105305194854736,2.245305061340332,0.2853051722049713,-1.9546948671340942,-5.224694728851318,-8.444694519042969,-9.324694633483887,-8.514695167541504,-6.004694938659668,-4.914694786071777,-6.054694652557373,-9.994694709777832,-11.224695205688477,-7.264694690704346,-3.9146947860717773,-3.764694929122925,-3.444694757461548,-3.114694833755493,-2.3946948051452637,-1.974694848060608,-1.474694848060608,-1.3546948432922363,-1.8546948432922363,-2.2046947479248047,-1.3846948146820068,-0.8846948146820068,-1.284694790840149
13.665305137634277,13.585305213928223,13.995305061340332,14.555305480957031,14.525304794311523,14.03530502319336,13.525304794311523,12.995305061340332,12.445304870605469,12.31530475616455,12.195304870605469,11.075304985046387,10.255305290222168,10.005305290222168,9.205305099487305,8.31530475616455,7.465305328369141,6.1553053855896,4.695305347442627,3.385305166244507,2.0453052520751953,0.7553051710128784,-1.814694881439209,-6.504694938659668,-8.354694366455078,-6.774694919586182,-6.674695014953613,-7.894694805145264,-9.43469524383545,-11.394695281982422,-9.484694480895996,-6.794694900512695,-5.464694976806641,-3.7046947479248047,-3.054694890975952,-2.884694814682007,-2.054694890975952,-1.6046948432922363,-1.7046948671340942,-1.314694881439209,-1.0946948528289795,-0.9846948385238647,-0.7846948504447937
14.675305366516113,14.595305442810059,14.675305366516113,15.085305213928223,15.325304985046387,15.225305557250977,14.945304870605469,14.485304832458496,13.905304908752441,13.525304794311523,13.245305061340332,12.595305442810059,11.81530475616455,11.025304794311523,10.175305366516113,9.525304794311523,9.045305252075195,8.475305557250977,7.825304985046387,7.055305004119873,5.525305271148682,3.8953051567077637,2.6053051948547363,0.3053051829338074,-3.6546947956085205,-5.804694652557373,-4.984694957733154,-5.734694957733154,-4.614694595336914,-5.204694747924805,-9.03469467163086,-9.994694709777832,-7.864694595336914,-7.434694766998291,-4.37469482421875,-2.7946949005126953,-2.314694881439209,-1.934694766998291,-1.5746948719024658,-1.4046947956085205,-1.314694881439209,-0.924694836139679,0.015305175445973873
