Chrome_Extension/data/gfs_velocity_800mb.json
{"header": { "discipline": 0, "disciplineName": "Meteorological products", "parameterCategory": 2, "parameterCategoryName": "Momentum", "parameterNumber": 3, "parameterNumberName": "V-component_of_wind", "parameterUnit": "m.s-1", "forecastTime": 1, "refTime": "2021-03-21 06:00:00", "surface1Type": 100, "surface1TypeName": "Isobaric surface", "surface1Value": 800, "gridDefinition": "Latitude_Longitude", "nx": 280, "ny": 200, "lo1": -140.0, "la1": 65.0, "lo2": -70.25, "la2": 15.25, "dx": 0.25, "dy": 0.25, "unit": "m/s" }, "data":
[rows 114 to 132 of 200, columns 43 to 85 of 280]
-8.03799819946289,-8.057997703552246,-8.10799789428711,-8.417998313903809,-8.907998085021973,-9.477997779846191,-9.917998313903809,-9.957998275756836,-9.667998313903809,-9.567997932434082,-9.697998046875,-10.047998428344727,-10.277997970581055,-9.577998161315918,-8.667998313903809,-8.217998504638672,-7.997998237609863,-8.027997970581055,-8.547998428344727,-9.3879976272583,-10.127998352050781,-10.457998275756836,-10.53799819946289,-10.147997856140137,-8.827998161315918,-7.427998065948486,-6.47799825668335,-6.197998046875,-6.827998161315918,-6.797997951507568,-5.847998142242432,-5.697998046875,-5.527997970581055,-5.327998161315918,-6.137998104095459,-6.257997989654541,-5.597998142242432,-4.747998237609863,-4.087997913360596,-3.0979981422424316,-2.697998046875,-2.767997980117798,-0.5279980301856995
-8.10799789428711,-8.117998123168945,-8.1379976272583,-8.28799819946289,-8.737998008728027,-9.377998352050781,-9.847997665405273,-9.687997817993164,-9.247998237609863,-9.1379976272583,-9.347997665405273,-9.747998237609863,-10.017997741699219,-9.237998008728027,-8.277997970581055,-8.027997970581055,-7.927998065948486,-8.547998428344727,-9.5079984664917,-10.327998161315918,-10.587998390197754,-10.877998352050781,-10.717998504638672,-10.077998161315918,-8.937997817993164,-8.097997665405273,-7.22799825668335,-6.897997856140137,-7.567997932434082,-6.567997932434082,-3.377998113632202,-3.2279980182647705,-4.72799825668335,-5.22799825668335,-5.027997970581055,-4.367998123168945,-4.827998161315918,-3.937998056411743,-3.1079981327056885,-2.197998046875,-2.6779980659484863,-4.357997894287109,-2.557997941970825
-8.10799789428711,-8.327998161315918,-8.327998161315918,-8.317997932434082,-8.527997970581055,-8.897997856140137,-9.197998046875,-9.077998161315918,-8.7579984664917,-8.807997703552246,-9.207998275756836,-9.53799819946289,-9.6379976272583,-9.147997856140137,-8.547998428344727,-8.527997970581055,-8.547998428344727,-9.317997932434082,-10.297998428344727,-10.817997932434082,-10.8879976272583,-10.847997665405273,-10.437997817993164,-9.867998123168945,-9.077998161315918,-8.35799789428711,-7.627997875213623,-7.307998180389404,-6.887998104095459,-4.867998123168945,-2.0479979515075684,-1.5279980897903442,-2.327998161315918,-4.027997970581055,-3.807997941970825,-3.387998104095459,-4.827998161315918,-3.9779980182647705,-2.757997989654541,-2.2979979515075684,-2.707998037338257,-4.777997970581055,-4.247998237609863
-7.797997951507568,-8.2579984664917,-8.487998008728027,-8.567997932434082,-8.777997970581055,-8.947998046875,-9.03799819946289,-8.917998313903809,-8.877998352050781,-8.957998275756836,-8.997998237609863,-9.10799789428711,-9.157998085021973,-8.807997703552246,-8.867998123168945,-9.157998085021973,-9.427997589111328,-10.03799819946289,-10.917998313903809,-11.317997932434082,-11.327998161315918,-11.097997665405273,-10.527997970581055,-9.78799819946289,-8.957998275756836,-8.237998008728027,-7.807998180389404,-7.587997913360596,-6.607997894287109,-4.447998046875,-1.197998046875,-0.2679980397224426,-1.3279980421066284,-2.9279980659484863,-4.077998161315918,-4.027997970581055,-3.7879979610443115,-4.077998161315918,-3.567997932434082,-3.2979979515075684,-3.247997999191284,-4.587997913360596,-5.957998275756836
-7.467998027801514,-7.777997970581055,-8.187997817993164,-8.407998085021973,-8.737998008728027,-8.977997779846191,-9.157998085021973,-9.10799789428711,-9.197998046875,-9.047998428344727,-8.797998428344727,-9.127998352050781,-9.067997932434082,-9.067997932434082,-9.577998161315918,-9.977997779846191,-10.237998008728027,-10.6379976272583,-11.217998504638672,-11.53799819946289,-11.467998504638672,-10.997998237609863,-10.067997932434082,-9.10799789428711,-8.527997970581055,-8.237998008728027,-8.017997741699219,-7.687997817993164,-6.547997951507568,-3.9079980850219727,-0.6279980540275574,-0.15799804031848907,-1.3979980945587158,-2.457998037338257,-4.397997856140137,-5.467998027801514,-5.157998085021973,-5.747998237609863,-5.517998218536377,-4.867998123168945,-3.757997989654541,-3.877998113632202,-4.907998085021973
-6.707998275756836,-6.997998237609863,-7.407998085021973,-7.607997894287109,-7.907998085021973,-8.187997817993164,-8.487998008728027,-8.717998504638672,-9.017997741699219,-9.057997703552246,-8.987998008728027,-9.247998237609863,-9.197998046875,-9.3879976272583,-9.797998428344727,-10.087998390197754,-10.337998390197754,-10.567997932434082,-10.6379976272583,-10.547998428344727,-10.187997817993164,-9.727997779846191,-9.177997589111328,-8.5079984664917,-8.03799819946289,-7.907998085021973,-7.807998180389404,-7.357997894287109,-6.217998027801514,-3.5979981422424316,-1.3379980325698853,-1.197998046875,-2.457998037338257,-3.7879979610443115,-4.587997913360596,-5.41799783706665,-5.91799783706665,-6.357997894287109,-7.487998008728027,-6.187997817993164,-4.277997970581055,-3.587998151779175,-4.407998085021973
-6.207998275756836,-6.347998142242432,-6.677998065948486,-7.047997951507568,-7.267998218536377,-7.427998065948486,-7.657998085021973,-7.897997856140137,-8.207998275756836,-8.327998161315918,-8.3879976272583,-8.657998085021973,-8.817997932434082,-9.017997741699219,-9.227997779846191,-9.437997817993164,-9.777997970581055,-10.117998123168945,-10.117998123168945,-9.747998237609863,-9.1379976272583,-8.517997741699219,-8.027997970581055,-7.657998085021973,-7.397997856140137,-7.347998142242432,-7.47799825668335,-7.177998065948486,-6.177998065948486,-4.207998275756836,-2.637998104095459,-2.587998151779175,-3.327998161315918,-4.457998275756836,-5.987998008728027,-7.337997913360596,-7.657998085021973,-7.847998142242432,-7.627997875213623,-7.837997913360596,-5.467998027801514,-5.777997970581055,-7.877997875213623
-6.337997913360596,-6.657998085021973,-7.077998161315918,-7.387998104095459,-7.557998180389404,-7.837997913360596,-8.1379976272583,-8.347997665405273,-8.5079984664917,-8.53799819946289,-8.577998161315918,-8.78799819946289,-8.927997589111328,-8.927997589111328,-9.067997932434082,-9.197998046875,-9.567997932434082,-9.827998161315918,-9.627998352050781,-9.047998428344727,-8.417998313903809,-7.907998085021973,-7.677998065948486,-7.707998275756836,-7.527997970581055,-7.41799783706665,-7.557998180389404,-7.22799825668335,-6.307998180389404,-4.967998027801514,-3.887998104095459,-3.8479981422424316,-4.307998180389404,-5.587997913360596,-7.217998027801514,-8.657998085021973,-9.347997665405273,-8.697998046875,-8.447998046875,-10.687997817993164,-5.857997894287109,-5.197998046875,-9.437997817993164
-6.257997989654541,-6.517998218536377,-6.957998275756836,-7.197998046875,-7.467998027801514,-8.127998352050781,-8.657998085021973,-8.967998504638672,-9.327998161315918,-9.577998161315918,-9.677997589111328,-9.85799789428711,-9.767997741699219,-9.697998046875,-9.737998008728027,-9.767997741699219,-9.867998123168945,-9.807997703552246,-9.35799789428711,-8.647997856140137,-8.10799789428711,-7.867998123168945,-7.897997856140137,-8.03799819946289,-7.947998046875,-7.807998180389404,-7.797997951507568,-7.397997856140137,-6.697998046875,-5.767998218536377,-4.787998199462891,-4.567997932434082,-5.017998218536377,-6.16799783706665,-7.557998180389404,-7.937997817993164,-7.797997951507568,-7.837997913360596,-5.097998142242432,-3.327998161315918,-0.45799803733825684,-0.647998034954071,-0.07799804955720901
-6.16799783706665,-6.507997989654541,-6.947998046875,-7.157998085021973,-7.47799825668335,-8.027997970581055,-8.567997932434082,-8.977997779846191,-9.317997932434082,-9.53799819946289,-9.687997817993164,-9.85799789428711,-9.867998123168945,-9.837998390197754,-9.747998237609863,-9.587998390197754,-9.457998275756836,-9.097997665405273,-8.477997779846191,-8.017997741699219,-7.927998065948486,-8.117998123168945,-8.397997856140137,-8.477997779846191,-8.417998313903809,-8.3879976272583,-8.3879976272583,-7.897997856140137,-7.017998218536377,-6.087997913360596,-5.347998142242432,-4.997998237609863,-5.337997913360596,-6.087997913360596,-6.817997932434082,-7.287998199462891,-7.067997932434082,-6.677998065948486,-6.457998275756836,-5.337997913360596,-3.567997932434082,-2.057997941970825,-0.9279980659484863
-5.937997817993164,-6.327998161315918,-6.717998027801514,-6.987998008728027,-7.257997989654541,-7.557998180389404,-7.897997856140137,-8.2579984664917,-8.487998008728027,-8.7579984664917,-9.117998123168945,-9.437997817993164,-9.487998008728027,-9.307997703552246,-9.087998390197754,-8.867998123168945,-8.6379976272583,-8.397997856140137,-8.297998428344727,-8.217998504638672,-8.2579984664917,-8.477997779846191,-8.717998504638672,-8.8879976272583,-8.877998352050781,-8.717998504638672,-8.407998085021973,-7.737998008728027,-7.017998218536377,-6.317997932434082,-5.707998275756836,-5.357997894287109,-5.427998065948486,-5.707998275756836,-5.947998046875,-6.337997913360596,-6.447998046875,-6.567997932434082,-6.647997856140137,-5.857997894287109,-4.937997817993164,-3.517997980117798,-1.6879980564117432
-6.107997894287109,-6.527997970581055,-6.947998046875,-7.297997951507568,-7.587997913360596,-7.807998180389404,-7.967998027801514,-8.187997817993164,-8.417998313903809,-8.697998046875,-8.977997779846191,-9.177997589111328,-9.207998275756836,-9.057997703552246,-8.827998161315918,-8.53799819946289,-8.457998275756836,-8.527997970581055,-8.647997856140137,-8.597997665405273,-8.567997932434082,-8.677997589111328,-8.917998313903809,-9.157998085021973,-9.167998313903809,-8.847997665405273,-8.197998046875,-7.447998046875,-6.997998237609863,-6.697998046875,-6.037998199462891,-5.517998218536377,-5.307998180389404,-5.347998142242432,-5.467998027801514,-5.72799825668335,-5.937997817993164,-5.827998161315918,-5.427998065948486,-5.047997951507568,-4.737998008728027,-4.007997989654541,-2.767997980117798
-5.837997913360596,-6.347998142242432,-6.827998161315918,-7.257997989654541,-7.657998085021973,-8.057997703552246,-8.367998123168945,-8.707998275756836,-8.997998237609863,-9.227997779846191,-9.347997665405273,-9.417998313903809,-9.447998046875,-9.317997932434082,-9.0079984664917,-8.717998504638672,-8.597997665405273,-8.60799789428711,-8.6379976272583,-8.567997932434082,-8.697998046875,-8.907998085021973,-9.03799819946289,-9.047998428344727,-8.807997703552246,-8.297998428344727,-7.607997894287109,-6.927998065948486,-6.577998161315918,-6.467998027801514,-6.067997932434082,-5.627997875213623,-5.397997856140137,-5.217998027801514,-5.207998275756836,-5.287998199462891,-5.297997951507568,-5.057998180389404,-4.66799783706665,-4.087997913360596,-3.957998037338257,-3.827998161315918,-2.9279980659484863
-5.427998065948486,-5.817997932434082,-6.327998161315918,-6.767998218536377,-7.127997875213623,-7.457998275756836,-7.757997989654541,-8.087998390197754,-8.417998313903809,-8.737998008728027,-8.997998237609863,-9.177997589111328,-9.277997970581055,-9.167998313903809,-8.917998313903809,-8.667998313903809,-8.5079984664917,-8.467998504638672,-8.397997856140137,-8.397997856140137,-8.587998390197754,-8.847997665405273,-8.937997817993164,-8.827998161315918,-8.477997779846191,-8.077998161315918,-7.517998218536377,-6.717998027801514,-6.207998275756836,-6.067997932434082,-5.817997932434082,-5.537998199462891,-5.357997894287109,-5.057998180389404,-4.837997913360596,-4.677998065948486,-4.327998161315918,-3.9079980850219727,-3.567997932434082,-3.6679980754852295,-3.5279979705810547,-3.2779979705810547,-2.957998037338257
-4.897997856140137,-5.437997817993164,-5.757997989654541,-6.027997970581055,-6.347998142242432,-6.657998085021973,-7.007997989654541,-7.407998085021973,-7.767998218536377,-8.167998313903809,-8.467998504638672,-8.687997817993164,-8.78799819946289,-8.777997970581055,-8.737998008728027,-8.587998390197754,-8.437997817993164,-8.337998390197754,-8.317997932434082,-8.35799789428711,-8.397997856140137,-8.397997856140137,-8.35799789428711,-8.10799789428711,-7.757997989654541,-7.377997875213623,-6.797997951507568,-5.987998008728027,-5.577998161315918,-5.487998008728027,-5.267998218536377,-5.097998142242432,-4.97799825668335,-4.787998199462891,-4.497998237609863,-4.337997913360596,-4.067997932434082,-3.7379980087280273,-3.627998113632202,-3.7779979705810547,-3.557997941970825,-3.0279979705810547,-2.5279979705810547
-5.207998275756836,-5.547997951507568,-5.697998046875,-5.817997932434082,-5.957998275756836,-6.337997913360596,-6.767998218536377,-7.197998046875,-7.467998027801514,-7.72799825668335,-8.027997970581055,-8.337998390197754,-8.617998123168945,-8.807997703552246,-8.917998313903809,-8.847997665405273,-8.747998237609863,-8.727997779846191,-8.747998237609863,-8.677997589111328,-8.557997703552246,-8.407998085021973,-8.1379976272583,-7.797997951507568,-7.41799783706665,-6.897997856140137,-6.457998275756836,-6.087997913360596,-5.807998180389404,-5.577998161315918,-5.407998085021973,-5.337997913360596,-5.377997875213623,-5.287998199462891,-4.937997817993164,-4.567997932434082,-4.277997970581055,-3.947998046875,-3.6179981231689453,-3.507997989654541,-3.2779979705810547,-2.697998046875,-2.127998113632202
-4.637998104095459,-5.187997817993164,-5.587997913360596,-5.72799825668335,-5.837997913360596,-6.047997951507568,-6.257997989654541,-6.47799825668335,-6.867998123168945,-7.22799825668335,-7.557998180389404,-7.877997875213623,-8.187997817993164,-8.477997779846191,-8.737998008728027,-8.867998123168945,-8.897997856140137,-8.927997589111328,-8.947998046875,-8.877998352050781,-8.7579984664917,-8.517997741699219,-8.207998275756836,-7.857997894287109,-7.427998065948486,-6.91799783706665,-6.66799783706665,-6.457998275756836,-6.077998161315918,-5.647997856140137,-5.527997970581055,-5.537998199462891,-5.677998065948486,-5.72799825668335,-5.377997875213623,-4.857997894287109,-4.487998008728027,-4.147997856140137,-3.7179980278015137,-3.387998104095459,-2.9879980087280273,-2.497997999191284,-1.9279980659484863
-4.497998237609863,-4.877997875213623,-5.237998008728027,-5.617998123168945,-5.827998161315918,-5.867998123168945,-5.947998046875,-6.177998065948486,-6.487998008728027,-6.807998180389404,-7.087997913360596,-7.22799825668335,-7.297997951507568,-7.447998046875,-7.72799825668335,-8.057997703552246,-8.327998161315918,-8.477997779846191,-8.497998237609863,-8.427997589111328,-8.187997817993164,-7.847998142242432,-7.507997989654541,-7.16799783706665,-6.737998008728027,-6.387998104095459,-6.337997913360596,-6.377997875213623,-6.177998065948486,-5.767998218536377,-5.617998123168945,-5.547997951507568,-5.517998218536377,-5.597998142242432,-5.457998275756836,-5.067997932434082,-4.66799783706665,-4.297997951507568,-3.767997980117798,-3.1779980659484863,-2.647998094558716,-2.187998056411743,-1.887998104095459
-4.147997856140137,-4.47799825668335,-4.91799783706665,-5.337997913360596,-5.757997989654541,-5.907998085021973,-5.937997817993164,-6.027997970581055,-6.117998123168945,-6.297997951507568,-6.497998237609863,-6.677998065948486,-6.787998199462891,-6.887998104095459,-6.987998008728027,-7.097998142242432,-7.207998275756836,-7.207998275756836,-7.357997894287109,-7.317997932434082,-7.127997875213623,-6.947998046875,-6.937997817993164,-6.877997875213623,-6.757997989654541,-6.637998104095459,-6.617998123168945,-6.597998142242432,-6.447998046875,-6.017998218536377,-5.537998199462891,-5.377997875213623,-5.22799825668335,-5.117998123168945,-5.057998180389404,-4.827998161315918,-4.457998275756836,-4.067997932434082,-3.687998056411743,-3.3579981327056885,-3.057997941970825,-2.817997932434082,-2.577998161315918
