Chrome_Extension/data/gfs_velocity_850mb.json
{"header": { "discipline": 0, "disciplineName": "Meteorological products", "parameterCategory": 2, "parameterCategoryName": "Momentum", "parameterNumber": 2, "parameterNumberName": "U-component_of_wind", "parameterUnit": "m.s-1", "forecastTime": 1, "refTime": "2021-03-21 06:00:00", "surface1Type": 100, "surface1TypeName": "Isobaric surface", "surface1Value": 850, "gridDefinition": "Latitude_Longitude", "nx": 280, "ny": 200, "lo1": -140.0, "la1": 65.0, "lo2": -70.25, "la2": 15.25, "dx": 0.25, "dy": 0.25, "unit": "m/s" }, "data":
[rows 76 to 94 of 200, columns 215 to 257 of 280]
11.549565315246582,11.1795654296875,10.959565162658691,10.789565086364746,10.759565353393555,10.9895658493042,10.569565773010254,9.809565544128418,9.349565505981445,9.059565544128418,9.159564971923828,9.359565734863281,9.33956527709961,9.33956527709961,9.319565773010254,9.549565315246582,9.899565696716309,10.159564971923828,9.959565162658691,10.08956527709961,10.449565887451172,10.849565505981445,11.559565544128418,12.26956558227539,12.6795654296875,13.069565773010254,13.479565620422363,13.689565658569336,13.8695650100708,13.8695650100708,13.689565658569336,13.599565505981445,13.259565353393555,12.639565467834473,12.299565315246582,12.229565620422363,12.109565734863281,11.889565467834473,11.789565086364746,11.569565773010254,10.939565658569336,10.809565544128418,11.3695650100708
10.799565315246582,10.51956558227539,10.359565734863281,10.129565238952637,10.01956558227539,10.079565048217773,9.479565620422363,8.829565048217773,8.33956527709961,8.159564971923828,8.1795654296875,8.169565200805664,8.129565238952637,8.26956558227539,8.449565887451172,8.629565238952637,9.149565696716309,9.6195650100708,9.599565505981445,9.659564971923828,9.809565544128418,9.819565773010254,10.319565773010254,11.329565048217773,12.039565086364746,12.169565200805664,12.169565200805664,12.279565811157227,12.779565811157227,13.309565544128418,13.209565162658691,13.049565315246582,12.779565811157227,11.83956527709961,10.899565696716309,10.649565696716309,10.849565505981445,11.149565696716309,11.1795654296875,10.899565696716309,10.329565048217773,10.319565773010254,10.749565124511719
10.26956558227539,9.959565162658691,9.579565048217773,9.349565505981445,9.259565353393555,9.33956527709961,8.979565620422363,8.529565811157227,8.2395658493042,7.799565315246582,7.309565544128418,6.999565601348877,6.969565391540527,7.349565505981445,7.769565582275391,7.999565601348877,8.169565200805664,8.579565048217773,9.2395658493042,9.639565467834473,9.4295654296875,9.289565086364746,9.3695650100708,9.969565391540527,10.729565620422363,10.899565696716309,10.8695650100708,11.199565887451172,11.829565048217773,12.469565391540527,12.599565505981445,12.209565162658691,11.7395658493042,11.039565086364746,10.2395658493042,9.859565734863281,9.499565124511719,9.4295654296875,9.83956527709961,9.939565658569336,9.829565048217773,9.759565353393555,9.759565353393555
9.709565162658691,9.329565048217773,9.029565811157227,8.8695650100708,8.759565353393555,8.6795654296875,8.649565696716309,8.289565086364746,7.909565448760986,7.329565525054932,6.779565334320068,6.329565525054932,6.389565467834473,6.89956521987915,7.199565410614014,7.379565238952637,7.699565410614014,8.279565811157227,8.949565887451172,9.109565734863281,8.479565620422363,8.309565544128418,8.509565353393555,8.699565887451172,9.149565696716309,9.529565811157227,9.899565696716309,10.559565544128418,10.999565124511719,11.129565238952637,11.189565658569336,11.139565467834473,10.899565696716309,10.379565238952637,9.759565353393555,9.409564971923828,8.809565544128418,8.039565086364746,7.839565277099609,8.1795654296875,8.689565658569336,8.899565696716309,8.969565391540527
9.149565696716309,8.9295654296875,8.689565658569336,8.349565505981445,8.129565238952637,8.329565048217773,8.449565887451172,8.199565887451172,7.669565200805664,6.859565258026123,6.45956563949585,6.129565238952637,6.099565505981445,6.39956521987915,6.589565277099609,7.089565277099609,7.759565353393555,7.969565391540527,7.809565544128418,7.859565258026123,7.789565563201904,7.509565353393555,7.4295654296875,7.339565277099609,7.589565277099609,8.149565696716309,9.039565086364746,9.689565658569336,9.809565544128418,9.809565544128418,9.899565696716309,9.949565887451172,9.829565048217773,9.409564971923828,8.979565620422363,8.559565544128418,7.989565372467041,7.349565505981445,6.749565601348877,6.539565563201904,7.109565258026123,7.689565658569336,8.169565200805664
8.649565696716309,8.709565162658691,8.559565544128418,8.079565048217773,7.759565353393555,7.89956521987915,8.01956558227539,7.879565238952637,7.64956521987915,7.199565410614014,6.749565601348877,6.139565467834473,5.779565334320068,5.989565372467041,6.559565544128418,7.169565200805664,7.159565448760986,6.70956563949585,6.439565658569336,6.6795654296875,7.089565277099609,6.909565448760986,6.439565658569336,6.079565525054932,6.319565296173096,7.049565315246582,7.909565448760986,8.309565544128418,8.459565162658691,8.579565048217773,8.6795654296875,8.659564971923828,8.579565048217773,8.359565734863281,8.069565773010254,7.719565391540527,7.339565277099609,6.859565258026123,6.279565334320068,5.839565277099609,5.969565391540527,6.549565315246582,7.199565410614014
8.159564971923828,8.199565887451172,8.199565887451172,7.95956563949585,7.70956563949585,7.729565620422363,7.719565391540527,7.529565334320068,7.379565238952637,7.119565486907959,6.609565258026123,5.999565601348877,5.629565238952637,5.859565258026123,6.39956521987915,6.4295654296875,5.819565296173096,5.489565372467041,5.549565315246582,5.6795654296875,5.889565467834473,6.189565658569336,6.309565544128418,5.70956563949585,4.89956521987915,5.779565334320068,6.769565582275391,6.919565200805664,7.109565258026123,7.259565353393555,7.309565544128418,7.309565544128418,7.279565334320068,7.14956521987915,7.009565353393555,6.859565258026123,6.659565448760986,6.369565486907959,5.9295654296875,5.539565563201904,5.499565601348877,5.819565296173096,6.159565448760986
7.6795654296875,7.559565544128418,7.64956521987915,7.779565334320068,7.64956521987915,7.489565372467041,7.269565582275391,7.079565525054932,6.819565296173096,6.419565200805664,5.949565410614014,5.499565601348877,5.349565505981445,5.45956563949585,5.64956521987915,5.1795654296875,4.549565315246582,4.579565525054932,4.809565544128418,4.819565296173096,4.939565658569336,5.499565601348877,5.789565563201904,5.419565200805664,4.529565334320068,4.669565200805664,5.439565658569336,5.569565296173096,5.849565505981445,6.079565525054932,6.109565258026123,6.089565277099609,6.009565353393555,5.909565448760986,5.829565525054932,5.789565563201904,5.739565372467041,5.639565467834473,5.489565372467041,5.249565601348877,4.949565410614014,4.859565258026123,5.059565544128418
7.129565238952637,7.079565525054932,7.039565563201904,7.159565448760986,7.129565238952637,6.89956521987915,6.64956521987915,6.489565372467041,6.249565601348877,5.629565238952637,5.279565334320068,5.239565372467041,5.129565238952637,4.9295654296875,4.369565486907959,3.6995654106140137,3.5895655155181885,3.999565362930298,4.159565448760986,4.199565410614014,4.529565334320068,4.64956521987915,4.479565620422363,4.229565620422363,3.939565420150757,3.9595654010772705,4.299565315246582,4.489565372467041,4.779565334320068,5.039565563201904,5.089565277099609,4.949565410614014,4.789565563201904,4.70956563949585,4.769565582275391,4.779565334320068,4.689565658569336,4.729565620422363,4.9295654296875,4.729565620422363,4.239565372467041,4.139565467834473,4.259565353393555
6.339565277099609,6.349565505981445,6.369565486907959,6.39956521987915,6.239565372467041,5.889565467834473,5.89956521987915,5.95956563949585,5.799565315246582,5.289565563201904,5.089565277099609,4.949565410614014,4.759565353393555,4.039565563201904,2.9095654487609863,2.6595654487609863,3.109565496444702,3.3995654582977295,3.419565439224243,3.6495654582977295,3.5995655059814453,3.3295655250549316,3.189565420150757,3.129565477371216,3.0995655059814453,3.1495654582977295,3.299565315246582,3.3495655059814453,3.439565420150757,3.6795654296875,3.9695653915405273,4.099565505981445,3.9295654296875,3.6495654582977295,3.609565496444702,3.739565372467041,3.669565439224243,3.729565382003784,3.9295654296875,3.8495655059814453,3.669565439224243,3.6595654487609863,3.2595653533935547
5.379565238952637,5.45956563949585,5.489565372467041,5.539565563201904,5.479565620422363,5.309565544128418,5.349565505981445,5.379565238952637,5.219565391540527,4.989565372467041,4.639565467834473,4.259565353393555,3.8495655059814453,2.869565486907959,2.0995655059814453,2.289565324783325,2.6995654106140137,2.6495654582977295,2.6795654296875,2.5995655059814453,2.2095654010772705,2.0995655059814453,2.2095654010772705,2.2695653438568115,2.3395655155181885,2.319565534591675,2.3495655059814453,2.2195653915405273,2.2195653915405273,2.4595654010772705,2.7595653533935547,2.989565372467041,2.9495654106140137,2.7095654010772705,2.5995655059814453,2.739565372467041,2.8995654582977295,2.999565362930298,3.0195653438568115,2.879565477371216,2.7795653343200684,2.6495654582977295,2.3395655155181885
4.45956563949585,4.539565563201904,4.629565238952637,4.569565296173096,4.469565391540527,4.569565296173096,4.699565410614014,4.669565200805664,4.549565315246582,4.339565277099609,3.869565486907959,3.489565372467041,2.819565534591675,1.9395654201507568,1.8895654678344727,2.1995654106140137,2.129565477371216,1.9095654487609863,1.8995654582977295,1.4695653915405273,1.0595654249191284,1.1395654678344727,1.269565463066101,1.4395654201507568,1.489565372467041,1.3495653867721558,1.1995654106140137,1.1995654106140137,1.2895654439926147,1.3595653772354126,1.4695653915405273,1.7095654010772705,1.8995654582977295,1.8995654582977295,1.9295654296875,2.039565324783325,2.189565420150757,2.299565315246582,2.2095654010772705,1.8995654582977295,1.579565405845642,1.329565405845642,1.269565463066101
3.4695653915405273,3.569565534591675,3.619565486907959,3.5195653438568115,3.539565324783325,3.7195653915405273,3.879565477371216,3.9495654106140137,3.819565534591675,3.3895654678344727,3.0095653533935547,2.6795654296875,2.0795655250549316,1.779565453529358,1.9595654010772705,1.8495653867721558,1.519565463066101,1.4495654106140137,1.079565405845642,0.4295654296875,0.24956542253494263,0.40956541895866394,0.5395654439926147,0.6995654106140137,0.7395654320716858,0.6395654082298279,0.5395654439926147,0.4595654308795929,0.3695654273033142,0.3295654356479645,0.3995654284954071,0.7495654225349426,1.0995653867721558,1.1895654201507568,1.2195653915405273,1.1595654487609863,1.1395654678344727,1.2295653820037842,1.1495654582977295,0.8095654249191284,0.4995654225349426,0.37956541776657104,0.37956541776657104
2.6395654678344727,2.6995654106140137,2.6995654106140137,2.669565439224243,2.859565496444702,3.119565486907959,3.299565315246582,3.3895654678344727,3.1995654106140137,2.809565544128418,2.5195653438568115,2.0795655250549316,1.5695654153823853,1.6095653772354126,1.5995653867721558,1.1395654678344727,0.9495654106140137,0.7995654344558716,0.2695654332637787,-0.17043456435203552,-0.30043455958366394,-0.31043457984924316,-0.15043456852436066,0.049565430730581284,0.049565430730581284,0.03956542909145355,0.09956543147563934,-0.09043457359075546,-0.4104345738887787,-0.5704345703125,-0.4404345750808716,0.03956542909145355,0.38956543803215027,0.6195654273033142,0.38956543803215027,0.16956542432308197,0.03956542909145355,0.059565428644418716,-0.03043457120656967,-0.2904345691204071,-0.4104345738887787,-0.37043458223342896,-0.17043456435203552
1.829565405845642,1.9795653820037842,2.0795655250549316,2.2695653438568115,2.3995654582977295,2.5295653343200684,2.629565477371216,2.6495654582977295,2.4495654106140137,2.2095654010772705,1.9395654201507568,1.3195654153823853,1.019565463066101,1.1795654296875,0.8895654082298279,0.44956544041633606,0.4295654296875,0.10956542938947678,-0.4704345762729645,-0.6404345631599426,-0.6304345726966858,-0.6804345846176147,-0.5604345798492432,-0.5004345774650574,-0.4404345750808716,-0.24043457210063934,-0.11043456941843033,-0.36043456196784973,-0.520434558391571,-0.7204345464706421,-0.9204345941543579,-0.8104345798492432,-0.5004345774650574,-0.36043456196784973,-0.40043458342552185,-0.6304345726966858,-0.9204345941543579,-1.1104345321655273,-1.0704345703125,-1.160434603691101,-1.260434627532959,-1.1404346227645874,-0.9104345440864563
1.239565372467041,1.369565486907959,1.5695654153823853,1.739565372467041,1.9295654296875,2.119565486907959,2.119565486907959,1.9795653820037842,1.839565396308899,1.6395654678344727,1.1795654296875,0.629565417766571,0.629565417766571,0.6895654201507568,0.24956542253494263,-0.010434570722281933,-0.09043457359075546,-0.5704345703125,-0.8504345417022705,-0.5504345893859863,-0.34043458104133606,-0.4104345738887787,-0.6404345631599426,-1.010434627532959,-0.870434582233429,-0.4504345655441284,-0.14043456315994263,-0.09043457359075546,-0.3204345703125,-0.6404345631599426,-0.8804345726966858,-1.2504345178604126,-1.470434546470642,-1.3104345798492432,-1.2704346179962158,-1.3004345893859863,-1.5604345798492432,-1.9404345750808716,-2.1004345417022705,-2.120434522628784,-2.0904345512390137,-2.000434637069702,-1.9504345655441284
0.5295654535293579,0.7195654511451721,0.8595654368400574,1.1495654582977295,1.589565396308899,1.9395654201507568,1.829565405845642,1.5395654439926147,1.2595654726028442,0.8195654153823853,0.2995654344558716,0.19956542551517487,0.41956543922424316,0.3095654249191284,-0.18043456971645355,-0.3204345703125,-0.46043455600738525,-0.8104345798492432,-0.5704345703125,0.03956542909145355,0.24956542253494263,0.08956542611122131,-0.4704345762729645,-1.2804346084594727,-1.4604345560073853,-1.1904345750808716,-1.1404346227645874,-1.2404345273971558,-1.410434603691101,-1.510434627532959,-1.6904345750808716,-1.8404345512390137,-1.9304345846176147,-2.190434455871582,-2.310434579849243,-2.190434455871582,-2.200434684753418,-2.460434675216675,-2.890434503555298,-3.120434522628784,-3.0704345703125,-2.870434522628784,-2.8204345703125
-0.20043456554412842,0.15956543385982513,0.3695654273033142,0.6995654106140137,1.1095653772354126,1.2195653915405273,0.9295654296875,0.6395654082298279,0.31956541538238525,-0.03043457120656967,-0.11043456941843033,0.07956542819738388,0.19956542551517487,-0.1004345715045929,-0.3504345715045929,-0.30043455958366394,-0.43043458461761475,-0.5704345703125,-0.17043456435203552,0.5195654034614563,0.7395654320716858,0.5695654153823853,-0.24043457210063934,-1.170434594154358,-2.0704345703125,-2.270434617996216,-2.450434684753418,-2.520434617996216,-2.520434617996216,-2.4904346466064453,-2.510434627532959,-2.620434522628784,-2.700434684753418,-2.750434637069702,-2.950434684753418,-2.9704346656799316,-2.890434503555298,-3.080434560775757,-3.440434455871582,-3.7304346561431885,-3.8504345417022705,-3.8004345893859863,-3.4204344749450684
-0.7004345655441284,-0.36043456196784973,-0.2304345667362213,-0.09043457359075546,0.03956542909145355,-0.06043456867337227,-0.19043457508087158,-0.2604345679283142,-0.5004345774650574,-0.5804345607757568,-0.36043456196784973,-0.18043456971645355,-0.3204345703125,-0.6904345750808716,-0.6804345846176147,-0.4804345667362213,-0.37043458223342896,-0.15043456852436066,0.3295654356479645,0.6795654296875,0.4895654320716858,0.11956542730331421,-0.27043455839157104,-0.9904345870018005,-2.0704345703125,-2.830434560775757,-3.520434617996216,-3.710434675216675,-3.520434617996216,-3.140434503555298,-2.9704346656799316,-3.1604344844818115,-3.210434675216675,-3.2304346561431885,-3.440434455871582,-3.5904345512390137,-3.430434465408325,-3.390434503555298,-3.750434637069702,-4.050434589385986,-4.030434608459473,-4.030434608459473,-3.7904345989227295
