Chrome_Extension/data/gfs_velocity_900mb.json
{"header": { "discipline": 0, "disciplineName": "Meteorological products", "parameterCategory": 2, "parameterCategoryName": "Momentum", "parameterNumber": 2, "parameterNumberName": "U-component_of_wind", "parameterUnit": "m.s-1", "forecastTime": 1, "refTime": "2021-03-21 06:00:00", "surface1Type": 100, "surface1TypeName": "Isobaric surface", "surface1Value": 900, "gridDefinition": "Latitude_Longitude", "nx": 280, "ny": 200, "lo1": -140.0, "la1": 65.0, "lo2": -70.25, "la2": 15.25, "dx": 0.25, "dy": 0.25, "unit": "m/s" }, "data":
[rows 95 to 113 of 200, columns 129 to 171 of 280]
3.435112237930298,3.805112361907959,2.5151124000549316,2.375112295150757,1.6051123142242432,2.755112409591675,8.085112571716309,5.925112247467041,6.605112075805664,9.6751127243042,13.915112495422363,8.345111846923828,6.035112380981445,7.295112133026123,9.745112419128418,9.665112495422363,7.465112209320068,5.14511251449585,5.195112228393555,7.315112113952637,9.815112113952637,9.465112686157227,6.405112266540527,2.665112257003784,0.915112316608429,-0.15488769114017487,-0.39488768577575684,-1.1148877143859863,-1.7048877477645874,-2.334887742996216,-2.014887809753418,-1.534887671470642,-0.9148876667022705,-0.14488770067691803,0.2051123082637787,0.21511229872703552,0.3951123058795929,0.21511229872703552,-0.014887695200741291,-0.36488768458366394,-0.23488768935203552,0.10511230677366257,0.5151122808456421
2.8251123428344727,3.0251123905181885,1.5751123428344727,1.8351123332977295,2.305112361907959,2.005112409591675,3.5951123237609863,4.675112247467041,9.4251127243042,13.145112037658691,12.065112113952637,9.725111961364746,7.175112247467041,8.395112037658691,8.575112342834473,8.145112037658691,6.535112380981445,4.735112190246582,5.245112419128418,6.355112075805664,7.735112190246582,8.445112228393555,4.305112361907959,2.235112190246582,1.0051122903823853,0.2051123082637787,-0.34488770365715027,-1.1748876571655273,-1.4348876476287842,-1.6848876476287842,-2.0448877811431885,-1.8848876953125,-0.7948877215385437,0.025112304836511612,0.31511229276657104,0.37511229515075684,0.31511229276657104,-0.09488769620656967,-0.6348876953125,-0.9948877096176147,-0.6348876953125,-0.07488769292831421,0.5051122903823853
0.7351123094558716,1.775112271308899,1.6151123046875,0.5851123332977295,1.8351123332977295,1.5351122617721558,-0.5048877000808716,1.6551122665405273,7.725112438201904,7.915112495422363,3.7151122093200684,6.255112171173096,8.265111923217773,8.8051118850708,6.005112171173096,5.195112228393555,5.405112266540527,3.6351122856140137,4.255112171173096,5.925112247467041,8.625112533569336,6.345112323760986,3.2651124000549316,2.685112237930298,1.7451122999191284,0.3651123046875,-0.6248877048492432,-1.3748877048492432,-2.064887762069702,-2.454887628555298,-1.8548877239227295,-1.1748876571655273,-0.5448877215385437,-0.07488769292831421,0.23511230945587158,0.2651123106479645,-0.004887695424258709,-0.6448876857757568,-1.0648876428604126,-1.0048877000808716,-0.584887683391571,-0.024887695908546448,0.7951123118400574
0.15511231124401093,1.9151122570037842,2.6351122856140137,0.7551122903823853,2.3651123046875,3.165112257003784,1.1951123476028442,0.37511229515075684,3.125112295150757,3.625112295150757,3.875112295150757,3.3851122856140137,4.255112171173096,4.1151123046875,3.355112314224243,4.475112438201904,4.755112171173096,4.215112209320068,4.785112380981445,7.055112361907959,6.985112190246582,4.035112380981445,2.855112314224243,2.5351123809814453,2.3951122760772705,2.005112409591675,-0.004887695424258709,-1.1848876476287842,-1.2048877477645874,-1.3348877429962158,-1.784887671470642,-1.6448876857757568,-0.8948876857757568,-0.18488769233226776,-0.004887695424258709,-0.07488769292831421,-0.3148877024650574,-0.7848876714706421,-1.1548876762390137,-1.1148877143859863,-0.8648877143859863,-0.21488769352436066,0.8051123023033142
-0.07488769292831421,0.8451123237609863,2.065112352371216,1.1651122570037842,2.375112295150757,2.8251123428344727,1.6451122760772705,0.6251122951507568,3.3651123046875,6.075112342834473,0.5751122832298279,-0.3848876953125,0.09511230140924454,2.0251123905181885,3.1551122665405273,3.6151123046875,3.665112257003784,4.185112476348877,5.33511209487915,5.955112457275391,5.655112266540527,3.0751123428344727,1.8751122951507568,2.055112361907959,2.2051122188568115,2.6351122856140137,2.495112419128418,2.1551122665405273,1.6251122951507568,1.3451123237609863,1.1451122760772705,0.7651122808456421,0.2651123106479645,-0.33488768339157104,-0.42488768696784973,-0.5148876905441284,-0.6348876953125,-0.9548876881599426,-1.1748876571655273,-0.9848877191543579,-0.684887707233429,0.03511230647563934,1.1051123142242432
0.6051123142242432,0.34511229395866394,1.4751123189926147,0.8351123332977295,1.3651123046875,1.3551123142242432,0.16511230170726776,0.07511230558156967,3.545112371444702,6.595112323760986,1.6551122665405273,0.1751123070716858,1.925112247467041,2.3951122760772705,3.495112419128418,4.58511209487915,4.845112323760986,3.5351123809814453,4.875112533569336,5.975112438201904,5.875112533569336,2.415112257003784,2.055112361907959,2.1451122760772705,2.2651124000549316,2.4551122188568115,2.4451122283935547,2.4051122665405273,2.425112247467041,2.4651122093200684,2.255112409591675,2.1451122760772705,1.765112280845642,0.9351122975349426,0.21511229872703552,-0.2848877012729645,-0.5048877000808716,-0.7748876810073853,-0.9848877191543579,-1.1348876953125,-0.8548877239227295,0.31511229276657104,1.675112247467041
0.8251122832298279,2.165112257003784,4.665112495422363,1.4951122999191284,1.5451122522354126,1.275112271308899,1.2251123189926147,1.1251122951507568,3.555112361907959,4.845112323760986,3.0851123332977295,0.915112316608429,0.7251123189926147,3.3851122856140137,4.625112533569336,4.39511251449585,3.915112257003784,3.565112352371216,4.83511209487915,5.685112476348877,4.775112152099609,1.9351123571395874,2.555112361907959,2.5251123905181885,2.1551122665405273,2.425112247467041,3.065112352371216,2.495112419128418,2.9451122283935547,2.8651123046875,2.7051122188568115,2.7151122093200684,2.7151122093200684,2.315112352371216,1.4851123094558716,0.5051122903823853,-0.4548876881599426,-0.834887683391571,-0.8048877120018005,-0.6948876976966858,-0.8648877143859863,-0.15488769114017487,1.925112247467041
1.015112280845642,1.205112338066101,1.515112280845642,3.5851123332977295,4.705112457275391,1.965112328529358,0.5351123213768005,0.5551123023033142,2.375112295150757,4.175112247467041,5.385112285614014,3.485112190246582,0.6251122951507568,3.305112361907959,4.165112495422363,3.8351123332977295,2.555112361907959,3.6151123046875,4.845112323760986,5.375112533569336,3.0951123237609863,2.4551122188568115,3.125112295150757,2.855112314224243,2.545112371444702,2.5751123428344727,3.0251123905181885,2.8851122856140137,2.9451122283935547,2.975112199783325,2.8951122760772705,3.065112352371216,3.4051122665405273,3.295112371444702,2.5951123237609863,1.8351123332977295,1.015112280845642,0.41511231660842896,-0.14488770067691803,-0.37488770484924316,-0.11488769203424454,0.7251123189926147,2.6951122283935547
2.2051122188568115,2.7151122093200684,3.2851123809814453,3.3451123237609863,2.805112361907959,0.9851123094558716,0.1751123070716858,2.305112361907959,0.8251122832298279,3.2051122188568115,3.925112247467041,5.075112342834473,0.09511230140924454,2.5951123237609863,3.505112409591675,3.3451123237609863,3.2751123905181885,3.8351123332977295,4.805112361907959,3.875112295150757,1.9351123571395874,3.0151124000549316,3.4051122665405273,3.1951122283935547,2.5851123332977295,2.175112247467041,2.735112190246582,2.925112247467041,2.5751123428344727,2.6551122665405273,2.6551122665405273,2.815112352371216,2.995112419128418,2.8251123428344727,2.0851123332977295,1.715112328529358,1.6951123476028442,1.2951122522354126,0.7351123094558716,0.16511230170726776,0.21511229872703552,1.1651122570037842,3.235112190246582
3.0751123428344727,3.105112314224243,2.3951122760772705,2.5351123809814453,2.055112361907959,-0.014887695200741291,1.705112338066101,2.1951122283935547,2.3451123237609863,2.735112190246582,3.735112190246582,6.095112323760986,-1.944887638092041,1.4751123189926147,3.3851122856140137,4.075112342834473,4.375112533569336,4.83511209487915,3.7751123905181885,1.1651122570037842,1.5051122903823853,3.055112361907959,4.035112380981445,3.8851122856140137,3.065112352371216,2.435112237930298,2.485112190246582,3.065112352371216,3.315112352371216,2.815112352371216,2.3651123046875,2.475112199783325,2.5151124000549316,2.2151122093200684,1.9951122999191284,2.0951123237609863,2.065112352371216,1.8251123428344727,1.3451123237609863,0.8751122951507568,0.6551123261451721,1.5051122903823853,3.235112190246582
2.1551122665405273,3.685112237930298,3.2651124000549316,1.9151122570037842,1.2351123094558716,2.3651123046875,3.2151122093200684,0.41511231660842896,0.8951122760772705,3.0151124000549316,3.375112295150757,8.685111999511719,2.565112352371216,1.675112247467041,2.975112199783325,5.235112190246582,5.455112457275391,5.185112476348877,2.235112190246582,0.7751123309135437,1.265112280845642,2.6951122283935547,4.495112419128418,4.415112495422363,3.415112257003784,2.485112190246582,2.505112409591675,3.3351123332977295,4.355112075805664,4.355112075805664,3.125112295150757,2.315112352371216,2.375112295150757,2.1951122283935547,1.765112280845642,1.4351123571395874,1.3651123046875,1.6851123571395874,1.6051123142242432,1.3951122760772705,1.5751123428344727,2.165112257003784,3.005112409591675
2.975112199783325,3.125112295150757,3.0751123428344727,1.8351123332977295,0.21511229872703552,0.31511229276657104,2.9651122093200684,1.3451123237609863,1.465112328529358,3.605112314224243,6.035112380981445,6.525112152099609,6.08511209487915,3.725112199783325,3.495112419128418,5.815112113952637,5.505112171173096,3.9651122093200684,1.3651123046875,2.3951122760772705,3.1951122283935547,4.015112400054932,4.075112342834473,3.8451123237609863,3.605112314224243,2.8951122760772705,2.2651124000549316,2.185112237930298,3.165112257003784,3.7051122188568115,3.4051122665405273,2.475112199783325,2.0251123905181885,1.7551122903823853,1.3251123428344727,0.8651123046875,0.7151123285293579,0.7451122999191284,0.8851122856140137,1.0451122522354126,1.4351123571395874,1.6151123046875,2.175112247467041
2.8851122856140137,1.6351122856140137,1.775112271308899,1.1051123142242432,1.805112361907959,2.125112295150757,2.8951122760772705,0.6951122879981995,1.9351123571395874,3.295112371444702,10.345111846923828,7.975112438201904,-1.484887719154358,2.545112371444702,4.64511251449585,5.265112400054932,4.035112380981445,2.815112352371216,2.9551122188568115,4.315112113952637,5.915112495422363,5.415112495422363,3.5151124000549316,3.0751123428344727,3.675112247467041,3.425112247467041,2.295112371444702,2.235112190246582,2.925112247467041,3.5251123905181885,3.6151123046875,2.9551122188568115,1.8851122856140137,1.2351123094558716,0.9651123285293579,0.8851122856140137,0.7251123189926147,0.41511231660842896,-0.004887695424258709,0.21511229872703552,0.7751123309135437,1.0751123428344727,2.175112247467041
2.045112371444702,2.985112190246582,0.5151122808456421,1.025112271308899,3.5751123428344727,8.77511215209961,7.105112075805664,-0.8148877024650574,0.4651122987270355,2.795112371444702,6.805112361907959,13.475111961364746,2.8351123332977295,2.8451123237609863,4.765112400054932,4.015112400054932,3.7151122093200684,4.6151123046875,4.545112133026123,4.89511251449585,5.035112380981445,6.035112380981445,5.58511209487915,4.195112228393555,3.565112352371216,3.3951122760772705,2.5951123237609863,2.685112237930298,2.235112190246582,2.555112361907959,2.6951122283935547,2.305112361907959,1.7451122999191284,1.305112361907959,0.9551122784614563,0.8551123142242432,0.6251122951507568,0.16511230170726776,-0.024887695908546448,0.4651122987270355,0.9551122784614563,0.5951123237609863,1.4951122999191284
2.7751123905181885,2.375112295150757,1.0751123428344727,1.9451123476028442,4.515112400054932,7.805112361907959,7.505112171173096,-1.734887719154358,-1.1548876762390137,2.7651124000549316,4.725112438201904,15.015111923217773,9.915112495422363,5.275112152099609,2.0951123237609863,2.3451123237609863,3.9451122283935547,4.485112190246582,3.9551122188568115,4.045112133026123,5.175112247467041,5.58511209487915,5.375112533569336,4.8651123046875,3.995112419128418,3.305112361907959,2.755112409591675,2.295112371444702,1.805112361907959,1.3251123428344727,1.3651123046875,1.3751122951507568,1.1151123046875,0.9251123070716858,0.37511229515075684,0.37511229515075684,0.34511229395866394,0.28511229157447815,0.3351123034954071,0.6351122856140137,0.8351123332977295,0.19511230289936066,0.8951122760772705
0.4951122999191284,2.305112361907959,2.185112237930298,2.925112247467041,4.055112361907959,7.805112361907959,9.435111999511719,3.235112190246582,0.4551123082637787,-0.584887683391571,3.3851122856140137,10.575112342834473,4.855112075805664,3.3351123332977295,4.33511209487915,3.665112257003784,3.355112314224243,3.1551122665405273,4.305112361907959,5.035112380981445,5.525112152099609,4.955112457275391,4.735112190246582,4.965112209320068,4.495112419128418,3.505112409591675,3.0351123809814453,2.005112409591675,1.6351122856140137,0.815112292766571,-0.05488769710063934,-0.24488769471645355,-0.24488769471645355,0.2951123118400574,0.10511230677366257,-0.5048877000808716,-0.36488768458366394,0.3651123046875,0.7851123213768005,0.8451123237609863,0.7851123213768005,0.5151122808456421,0.7451122999191284
3.2151122093200684,5.215112209320068,3.0851123332977295,0.3951123058795929,2.565112352371216,7.375112533569336,13.245112419128418,10.605112075805664,1.4351123571395874,-1.4948877096176147,3.1451122760772705,8.795112609863281,6.545112133026123,5.475112438201904,6.175112247467041,3.485112190246582,2.665112257003784,4.385112285614014,4.415112495422363,4.83511209487915,5.495112419128418,4.89511251449585,4.415112495422363,4.6151123046875,4.245112419128418,3.3651123046875,3.625112295150757,3.755112409591675,2.915112257003784,1.9951122999191284,0.6551123261451721,-0.014887695200741291,0.06511230766773224,-0.15488769114017487,-0.4448876976966858,-0.7448877096176147,-0.03488769382238388,0.7551122903823853,0.9951122999191284,0.9251123070716858,0.7151123285293579,0.3951123058795929,0.23511230945587158
9.035112380981445,7.33511209487915,4.89511251449585,4.695112228393555,3.565112352371216,5.735112190246582,10.765111923217773,11.95511245727539,3.0951123237609863,0.7751123309135437,5.295112133026123,8.855112075805664,4.345112323760986,3.4451122283935547,6.33511209487915,5.58511209487915,4.89511251449585,4.265112400054932,4.055112361907959,4.8651123046875,5.125112533569336,4.975112438201904,4.555112361907959,4.125112533569336,3.5151124000549316,2.8451123237609863,3.245112419128418,4.425112247467041,4.515112400054932,3.7051122188568115,2.9651122093200684,2.2051122188568115,1.1051123142242432,-0.004887695424258709,-0.8148877024650574,-0.5148876905441284,0.4851123094558716,1.3351123332977295,1.2251123189926147,0.7551122903823853,0.47511231899261475,0.15511231124401093,-0.37488770484924316
8.27511215209961,8.695112228393555,8.845111846923828,6.945112228393555,4.1151123046875,3.0151124000549316,7.985112190246582,8.635112762451172,1.9451123476028442,2.2151122093200684,5.745112419128418,9.065112113952637,3.4451122283935547,0.40511229634284973,3.9451122283935547,7.025112152099609,6.715112209320068,5.855112075805664,4.715112209320068,4.245112419128418,4.805112361907959,4.555112361907959,4.135112285614014,3.7151122093200684,3.415112257003784,2.9451122283935547,3.6951122283935547,4.105112075805664,3.6951122283935547,3.185112237930298,3.3851122856140137,3.1551122665405273,2.065112352371216,1.175112247467041,-0.11488769203424454,-0.43488770723342896,0.6351122856140137,1.6251122951507568,1.4451123476028442,0.8051123023033142,0.3351123034954071,0.05511230602860451,-0.7348877191543579
