Chrome_Extension/data/gfs_velocity_800mb.json
{"header": { "discipline": 0, "disciplineName": "Meteorological products", "parameterCategory": 2, "parameterCategoryName": "Momentum", "parameterNumber": 3, "parameterNumberName": "V-component_of_wind", "parameterUnit": "m.s-1", "forecastTime": 1, "refTime": "2021-03-21 06:00:00", "surface1Type": 100, "surface1TypeName": "Isobaric surface", "surface1Value": 800, "gridDefinition": "Latitude_Longitude", "nx": 280, "ny": 200, "lo1": -140.0, "la1": 65.0, "lo2": -70.25, "la2": 15.25, "dx": 0.25, "dy": 0.25, "unit": "m/s" }, "data":
[rows 38 to 56 of 200, columns 86 to 128 of 280]
-3.567997932434082,-3.5379979610443115,-3.627998113632202,-3.897998094558716,-4.187997817993164,-4.387998104095459,-4.457998275756836,-4.857997894287109,-5.47799825668335,-6.457998275756836,-7.997998237609863,-9.407998085021973,-10.677997589111328,-11.947998046875,-13.327998161315918,-14.647997856140137,-15.647997856140137,-15.817997932434082,-15.437997817993164,-15.207998275756836,-15.057997703552246,-14.907998085021973,-14.557997703552246,-13.897997856140137,-13.117998123168945,-12.207998275756836,-11.077998161315918,-8.867998123168945,-6.857997894287109,-5.957998275756836,-6.097998142242432,-7.467998027801514,-8.557997703552246,-9.187997817993164,-9.487998008728027,-9.85799789428711,-9.067997932434082,-6.847998142242432,-5.687997817993164,-5.217998027801514,-5.877997875213623,-4.507997989654541,-1.4079980850219727
-4.427998065948486,-4.747998237609863,-4.847998142242432,-5.187997817993164,-5.617998123168945,-5.647997856140137,-5.257997989654541,-5.22799825668335,-5.597998142242432,-6.217998027801514,-7.387998104095459,-8.717998504638672,-9.997998237609863,-11.157998085021973,-12.397997856140137,-14.527997970581055,-15.587998390197754,-16.0679988861084,-16.01799774169922,-15.597997665405273,-15.147997856140137,-14.867998123168945,-14.737998008728027,-14.3879976272583,-13.837998390197754,-13.157998085021973,-12.577998161315918,-10.617998123168945,-7.797997951507568,-6.647997856140137,-6.827998161315918,-7.337997913360596,-8.077998161315918,-8.907998085021973,-9.277997970581055,-9.567997932434082,-8.597997665405273,-6.317997932434082,-5.817997932434082,-6.767998218536377,-6.627997875213623,-4.66799783706665,-2.087998151779175
-4.867998123168945,-5.387998104095459,-5.847998142242432,-6.067997932434082,-6.22799825668335,-6.47799825668335,-6.607997894287109,-6.017998218536377,-6.107997894287109,-6.537998199462891,-7.107997894287109,-8.527997970581055,-10.187997817993164,-11.467998504638672,-12.677997589111328,-13.937997817993164,-14.877998352050781,-15.557997703552246,-16.237998962402344,-16.477998733520508,-16.207998275756836,-15.697998046875,-15.217998504638672,-14.877998352050781,-14.627998352050781,-14.177997589111328,-13.727997779846191,-11.987998008728027,-9.067997932434082,-7.837997913360596,-7.587997913360596,-7.787998199462891,-9.397997856140137,-10.3879976272583,-10.567997932434082,-10.407998085021973,-9.447998046875,-9.027997970581055,-7.897997856140137,-7.497998237609863,-6.347998142242432,-3.7179980278015137,-1.3079980611801147
-4.377997875213623,-5.327998161315918,-6.307998180389404,-6.867998123168945,-7.107997894287109,-7.297997951507568,-7.277997970581055,-7.097998142242432,-7.057998180389404,-7.427998065948486,-8.317997932434082,-9.717998504638672,-10.707998275756836,-11.457998275756836,-11.85799789428711,-12.397997856140137,-13.28799819946289,-14.2579984664917,-15.267997741699219,-15.867998123168945,-16.097997665405273,-15.937997817993164,-15.487998008728027,-15.267997741699219,-15.217998504638672,-14.907998085021973,-14.597997665405273,-13.277997970581055,-11.017997741699219,-9.78799819946289,-9.477997779846191,-9.377998352050781,-9.727997779846191,-9.687997817993164,-8.997998237609863,-8.817997932434082,-9.727997779846191,-7.987998008728027,-6.22799825668335,-6.307998180389404,-3.6779980659484863,-1.1679980754852295,-0.40799805521965027
-3.1779980659484863,-3.807997941970825,-4.777997970581055,-6.217998027801514,-7.457998275756836,-7.997998237609863,-8.117998123168945,-8.0079984664917,-8.03799819946289,-8.397997856140137,-8.977997779846191,-9.127998352050781,-9.567997932434082,-10.117998123168945,-10.737998008728027,-11.267997741699219,-11.8879976272583,-12.707998275756836,-13.767997741699219,-14.767997741699219,-15.407998085021973,-15.767997741699219,-15.777997970581055,-15.767997741699219,-15.877998352050781,-15.747998237609863,-15.877998352050781,-15.097997665405273,-12.957998275756836,-11.28799819946289,-10.707998275756836,-10.047998428344727,-8.927997589111328,-7.897997856140137,-7.157998085021973,-7.257997989654541,-6.737998008728027,-4.877997875213623,-4.617998123168945,-4.527997970581055,-2.4179980754852295,-1.287998080253601,-0.7779980301856995
-0.3779980540275574,-2.1679980754852295,-3.137998104095459,-4.357997894287109,-6.327998161315918,-7.937997817993164,-8.85799789428711,-9.10799789428711,-9.097997665405273,-9.077998161315918,-9.317997932434082,-9.717998504638672,-9.947998046875,-9.85799789428711,-9.897997856140137,-10.60799789428711,-11.447998046875,-12.057997703552246,-12.78799819946289,-13.767997741699219,-14.747998237609863,-15.557997703552246,-15.977997779846191,-16.03799819946289,-16.01799774169922,-15.997998237609863,-16.397998809814453,-16.297998428344727,-14.597997665405273,-12.967998504638672,-11.937997817993164,-10.427997589111328,-8.627998352050781,-8.0079984664917,-7.337997913360596,-6.987998008728027,-6.577998161315918,-5.607997894287109,-5.927998065948486,-5.677998065948486,-4.077998161315918,-2.2279980182647705,-1.197998046875
0.7120019793510437,-0.9779980182647705,-2.3679981231689453,-3.7279980182647705,-5.107997894287109,-6.697998046875,-8.487998008728027,-10.197998046875,-11.087998390197754,-11.297998428344727,-11.067997932434082,-11.337998390197754,-11.717998504638672,-11.997998237609863,-11.667998313903809,-11.197998046875,-11.197998046875,-11.717998504638672,-12.487998008728027,-13.347997665405273,-14.197998046875,-14.907998085021973,-15.327998161315918,-15.467998504638672,-15.627998352050781,-15.697998046875,-16.3279972076416,-17.027997970581055,-16.397998809814453,-15.03799819946289,-13.687997817993164,-11.767997741699219,-9.667998313903809,-9.017997741699219,-9.017997741699219,-8.947998046875,-7.077998161315918,-5.377997875213623,-5.587997913360596,-6.287998199462891,-5.337997913360596,-3.127998113632202,-1.7279980182647705
1.9420019388198853,1.3820019960403442,-1.0579980611801147,-4.177998065948486,-6.617998123168945,-8.277997970581055,-9.567997932434082,-10.10799789428711,-10.407998085021973,-11.267997741699219,-12.277997970581055,-13.077998161315918,-13.777997970581055,-14.2579984664917,-14.227997779846191,-13.817997932434082,-13.2579984664917,-13.047998428344727,-13.097997665405273,-13.367998123168945,-13.907998085021973,-14.527997970581055,-15.127998352050781,-15.60799789428711,-15.817997932434082,-15.707998275756836,-16.177997589111328,-16.887998580932617,-17.167997360229492,-16.3179988861084,-14.667998313903809,-12.347997665405273,-10.057997703552246,-9.147997856140137,-9.447998046875,-9.487998008728027,-8.207998275756836,-6.317997932434082,-5.597998142242432,-5.907998085021973,-4.327998161315918,-1.9679980278015137,-0.9779980182647705
0.5320019721984863,1.4220019578933716,1.8420019149780273,-0.8879980444908142,-4.817997932434082,-7.497998237609863,-9.087998390197754,-9.78799819946289,-10.367998123168945,-11.457998275756836,-12.547998428344727,-13.03799819946289,-13.327998161315918,-13.917998313903809,-14.837998390197754,-15.417998313903809,-15.2579984664917,-14.85799789428711,-14.5079984664917,-14.187997817993164,-14.027997970581055,-14.327998161315918,-14.837998390197754,-15.397997856140137,-15.797998428344727,-15.697998046875,-15.7579984664917,-16.3279972076416,-16.917997360229492,-16.597997665405273,-15.277997970581055,-13.047998428344727,-11.10799789428711,-10.347997665405273,-10.297998428344727,-10.057997703552246,-9.477997779846191,-7.637998104095459,-6.447998046875,-5.317997932434082,-3.6779980659484863,-2.017997980117798,-0.7179980278015137
2.122001886367798,0.9020019769668579,1.5620019435882568,2.182002067565918,-0.017998047173023224,-4.197998046875,-6.717998027801514,-8.077998161315918,-8.747998237609863,-9.177997589111328,-10.417998313903809,-11.927997589111328,-12.717998504638672,-12.927997589111328,-13.277997970581055,-14.217998504638672,-14.85799789428711,-15.307997703552246,-15.727997779846191,-15.747998237609863,-15.477997779846191,-15.367998123168945,-15.617998123168945,-15.957998275756836,-16.03799819946289,-15.767997741699219,-15.807997703552246,-16.527997970581055,-17.207998275756836,-17.157997131347656,-16.197998046875,-14.487998008728027,-12.677997589111328,-11.957998275756836,-11.697998046875,-11.277997970581055,-10.517997741699219,-8.657998085021973,-7.657998085021973,-6.41799783706665,-4.297997951507568,-2.187998056411743,0.04200195148587227
0.7720019817352295,1.212001919746399,1.6320019960403442,2.5720019340515137,1.4420019388198853,0.7420019507408142,-1.007997989654541,-3.9279980659484863,-5.997998237609863,-7.107997894287109,-8.097997665405273,-9.3879976272583,-10.997998237609863,-12.057997703552246,-12.587998390197754,-12.907998085021973,-13.677997589111328,-14.427997589111328,-15.497998237609863,-16.247997283935547,-16.3279972076416,-16.0779972076416,-15.997998237609863,-16.157997131347656,-16.28799819946289,-16.60799789428711,-17.207998275756836,-17.5679988861084,-17.5679988861084,-17.5679988861084,-17.137998580932617,-15.597997665405273,-14.127998352050781,-13.447998046875,-12.377998352050781,-11.917998313903809,-11.447998046875,-9.997998237609863,-9.197998046875,-7.987998008728027,-5.297997951507568,-2.4779980182647705,0.10200195014476776
2.112001895904541,1.7820019721984863,2.3220019340515137,1.6220020055770874,1.4720019102096558,1.4720019102096558,0.4620019495487213,-0.6779980659484863,-2.397998094558716,-4.737998008728027,-6.367998123168945,-7.907998085021973,-9.53799819946289,-11.117998123168945,-12.10799789428711,-12.377998352050781,-12.747998237609863,-13.487998008728027,-14.737998008728027,-16.237998962402344,-17.3279972076416,-17.647998809814453,-17.5779972076416,-17.37799835205078,-17.407997131347656,-17.587997436523438,-17.737998962402344,-17.5679988861084,-17.207998275756836,-16.807998657226562,-17.01799774169922,-16.387998580932617,-15.297998428344727,-14.617998123168945,-12.967998504638672,-12.427997589111328,-12.467998504638672,-11.447998046875,-10.487998008728027,-9.2579984664917,-6.507997989654541,-3.3579981327056885,0.11200195550918579
1.1220020055770874,1.7720019817352295,2.662001848220825,1.8820019960403442,1.3420019149780273,1.5120019912719727,1.9820019006729126,0.9720019698143005,-0.23799805343151093,-2.4279980659484863,-4.127997875213623,-5.537998199462891,-7.347998142242432,-9.097997665405273,-10.837998390197754,-11.667998313903809,-12.377998352050781,-13.077998161315918,-14.03799819946289,-15.1379976272583,-16.51799774169922,-17.837997436523438,-18.51799774169922,-18.737998962402344,-18.78799819946289,-18.557998657226562,-18.28799819946289,-17.987998962402344,-17.677997589111328,-17.737998962402344,-17.957998275756836,-17.0679988861084,-16.487998962402344,-15.947998046875,-13.877998352050781,-12.797998428344727,-12.337998390197754,-11.697998046875,-10.3879976272583,-8.767997741699219,-6.237998008728027,-2.457998037338257,0.7920019626617432
1.9820019006729126,1.462001919746399,1.5620019435882568,2.2720019817352295,2.062001943588257,1.7320019006729126,1.3520019054412842,0.8720019459724426,0.3720019459724426,-0.8479980230331421,-1.597998023033142,-3.4079980850219727,-6.517998218536377,-8.067997932434082,-9.567997932434082,-11.207998275756836,-12.267997741699219,-13.167998313903809,-13.837998390197754,-14.707998275756836,-15.7579984664917,-16.807998657226562,-17.85799789428711,-18.597997665405273,-19.337997436523438,-19.747997283935547,-19.5679988861084,-19.467998504638672,-19.60799789428711,-19.277997970581055,-18.3279972076416,-17.467998504638672,-17.437997817993164,-16.26799774169922,-14.057997703552246,-12.377998352050781,-11.707998275756836,-11.03799819946289,-9.677997589111328,-7.767998218536377,-4.217998027801514,-0.8579980731010437,0.6920019388198853
2.122001886367798,2.252002000808716,0.9820019602775574,0.1420019567012787,0.22200195491313934,1.2520020008087158,1.3520019054412842,1.0620019435882568,0.7420019507408142,0.5920019745826721,0.4020019471645355,-0.947998046875,-3.747997999191284,-7.857997894287109,-9.347997665405273,-10.367998123168945,-11.53799819946289,-12.727997779846191,-13.947998046875,-15.187997817993164,-16.367998123168945,-17.507997512817383,-18.62799835205078,-19.467998504638672,-20.087997436523438,-20.51799774169922,-20.5679988861084,-20.35799789428711,-19.697998046875,-18.887998580932617,-18.117998123168945,-17.87799835205078,-17.60799789428711,-16.53799819946289,-13.897997856140137,-11.847997665405273,-10.8879976272583,-9.457998275756836,-7.947998046875,-6.177998065948486,-2.827998161315918,-0.3579980432987213,0.47200194001197815
2.5120019912719727,2.4520020484924316,1.8320019245147705,1.492002010345459,0.5420019626617432,0.4520019590854645,0.8620019555091858,1.9120019674301147,2.0120019912719727,1.6020019054412842,1.8720020055770874,0.7020019292831421,0.052001953125,-4.777997970581055,-9.957998275756836,-11.217998504638672,-12.407998085021973,-13.197998046875,-14.0079984664917,-14.937997817993164,-15.947998046875,-16.947998046875,-17.657997131347656,-18.087997436523438,-18.10799789428711,-18.687997817993164,-19.407997131347656,-18.76799774169922,-18.53799819946289,-18.907997131347656,-18.157997131347656,-17.3179988861084,-16.03799819946289,-14.447998046875,-11.897997856140137,-10.127998352050781,-8.737998008728027,-7.507997989654541,-6.937997817993164,-4.507997989654541,-0.46799805760383606,0.26200196146965027,0.07200195640325546
1.6720019578933716,1.6020019054412842,1.3720020055770874,1.0220019817352295,1.4720019102096558,0.6720019578933716,0.3920019567012787,-0.14799804985523224,0.13200195133686066,0.28200194239616394,0.7720019817352295,1.3320019245147705,1.1920019388198853,-1.2379980087280273,-7.387998104095459,-11.187997817993164,-13.307997703552246,-14.217998504638672,-14.847997665405273,-15.147997856140137,-15.687997817993164,-16.417997360229492,-17.137998580932617,-17.87799835205078,-18.85799789428711,-19.597997665405273,-19.717998504638672,-19.347997665405273,-19.257997512817383,-18.237998962402344,-16.397998809814453,-14.817997932434082,-13.197998046875,-11.447998046875,-10.457998275756836,-9.827998161315918,-8.647997856140137,-7.057998180389404,-4.567997932434082,-1.0679980516433716,-0.20799805223941803,-1.3679980039596558,-1.3379980325698853
0.29200196266174316,0.0820019543170929,0.1420019567012787,0.32200196385383606,0.9820019602775574,1.2820019721984863,0.802001953125,0.552001953125,0.5320019721984863,1.2520020008087158,0.9320019483566284,0.04200195148587227,-0.18799804151058197,0.6420019268989563,-3.8579981327056885,-7.757997989654541,-13.047998428344727,-14.617998123168945,-15.197998046875,-15.997998237609863,-16.527997970581055,-17.157997131347656,-17.5779972076416,-17.987998962402344,-18.637998580932617,-18.487998962402344,-18.207998275756836,-17.337997436523438,-16.12799835205078,-15.307997703552246,-14.227997779846191,-13.067997932434082,-12.03799819946289,-10.727997779846191,-10.127998352050781,-9.077998161315918,-6.097998142242432,-1.9579980373382568,-0.8879980444908142,-2.1179981231689453,-2.6179981231689453,-2.897998094558716,-2.887998104095459
-0.42799803614616394,0.15200194716453552,0.13200195133686066,0.41200196743011475,0.7020019292831421,0.6720019578933716,1.642001986503601,1.1220020055770874,0.6220019459724426,0.7820019721984863,0.9220019578933716,1.7220019102096558,1.302001953125,0.9920019507408142,-1.1679980754852295,-4.47799825668335,-7.777997970581055,-11.477997779846191,-12.667998313903809,-14.407998085021973,-15.077998161315918,-15.8879976272583,-16.497997283935547,-16.717998504638672,-16.617998123168945,-16.007997512817383,-15.097997665405273,-14.127998352050781,-13.5079984664917,-12.147997856140137,-9.997998237609863,-8.727997779846191,-8.147997856140137,-8.147997856140137,-7.027997970581055,-4.907998085021973,-3.2179980278015137,-1.9379980564117432,-2.397998094558716,-3.747997999191284,-3.707998037338257,-3.4779980182647705,-1.7079980373382568
