Chrome_Extension/data/gfs_velocity_800mb.json
{"header": { "discipline": 0, "disciplineName": "Meteorological products", "parameterCategory": 2, "parameterCategoryName": "Momentum", "parameterNumber": 2, "parameterNumberName": "U-component_of_wind", "parameterUnit": "m.s-1", "forecastTime": 1, "refTime": "2021-03-21 06:00:00", "surface1Type": 100, "surface1TypeName": "Isobaric surface", "surface1Value": 800, "gridDefinition": "Latitude_Longitude", "nx": 280, "ny": 200, "lo1": -140.0, "la1": 65.0, "lo2": -70.25, "la2": 15.25, "dx": 0.25, "dy": 0.25, "unit": "m/s" }, "data":
[rows 171 to 189 of 200, columns 0 to 42 of 280]
-2.9640746116638184,-3.4540746212005615,-3.3240747451782227,-3.504074811935425,-3.8940746784210205,-4.094074726104736,-5.264074802398682,-5.61407470703125,-5.914074897766113,-6.414074897766113,-6.234074592590332,-6.3940749168396,-6.384074687957764,-6.374074935913086,-6.424074649810791,-6.314074516296387,-6.414074897766113,-6.464074611663818,-6.434074878692627,-6.104074478149414,-5.494074821472168,-5.064074516296387,-5.254074573516846,-5.634074687957764,-5.684074878692627,-5.244074821472168,-4.594074726104736,-4.554074764251709,-4.774074554443359,-4.634074687957764,-4.404074668884277,-3.854074716567993,-3.4540746212005615,-3.2040746212005615,-3.2040746212005615,-3.8440747261047363,-4.154074668884277,-4.164074897766113,-4.1440749168396,-3.854074716567993,-3.0840747356414795,-2.104074716567993,-1.1640746593475342
-4.484074592590332,-4.284074783325195,-4.494074821472168,-4.824074745178223,-4.444074630737305,-5.934074878692627,-6.044074535369873,-5.684074878692627,-5.664074897766113,-6.204074859619141,-6.354074478149414,-6.544074535369873,-6.684074878692627,-6.274074554443359,-5.714074611663818,-6.004074573516846,-6.254074573516846,-6.36407470703125,-6.414074897766113,-6.414074897766113,-6.024074554443359,-5.824074745178223,-5.914074897766113,-5.984074592590332,-5.664074897766113,-5.014074802398682,-4.724074840545654,-5.064074516296387,-5.044074535369873,-4.724074840545654,-4.184074878692627,-3.8440747261047363,-3.684074640274048,-3.314074754714966,-3.744074821472168,-4.1440749168396,-3.9440746307373047,-3.734074592590332,-3.804074764251709,-3.3440747261047363,-2.414074659347534,-1.204074740409851,-0.6940746903419495
-4.994074821472168,-4.874074935913086,-5.354074478149414,-5.154074668884277,-6.224074840545654,-6.404074668884277,-5.974074840545654,-5.494074821472168,-5.794074535369873,-6.434074878692627,-7.054074764251709,-7.304074764251709,-6.434074878692627,-5.8940749168396,-6.174074649810791,-6.024074554443359,-5.574074745178223,-5.034074783325195,-5.014074802398682,-5.224074840545654,-4.984074592590332,-5.414074897766113,-5.854074478149414,-5.674074649810791,-5.194074630737305,-4.554074764251709,-4.494074821472168,-4.914074897766113,-4.8340744972229,-4.704074859619141,-4.124074935913086,-4.004074573516846,-4.004074573516846,-4.044074535369873,-4.264074802398682,-3.854074716567993,-3.2040746212005615,-3.2140746116638184,-3.164074659347534,-2.4540746212005615,-1.3540747165679932,-0.7740747332572937,-1.1240746974945068
-4.504074573516846,-5.254074573516846,-6.094074726104736,-7.024074554443359,-6.794074535369873,-6.214074611663818,-6.104074478149414,-6.004074573516846,-6.624074935913086,-7.36407470703125,-7.634074687957764,-7.304074764251709,-6.544074535369873,-6.134074687957764,-5.714074611663818,-5.6440749168396,-6.194074630737305,-5.744074821472168,-5.154074668884277,-5.074074745178223,-5.3940749168396,-5.964074611663818,-5.704074859619141,-5.194074630737305,-4.624074935913086,-4.324074745178223,-4.944074630737305,-4.944074630737305,-4.724074840545654,-4.624074935913086,-4.284074783325195,-4.3940749168396,-4.374074935913086,-4.36407470703125,-4.104074478149414,-3.3940746784210205,-3.1340746879577637,-3.064074754714966,-2.7640748023986816,-2.004074811935425,-1.1440746784210205,-1.5940747261047363,-1.5040746927261353
-5.014074802398682,-5.524074554443359,-6.374074935913086,-7.1440749168396,-6.554074764251709,-6.444074630737305,-6.554074764251709,-6.754074573516846,-6.794074535369873,-6.694074630737305,-6.61407470703125,-6.344074726104736,-6.034074783325195,-5.86407470703125,-6.3340744972229,-7.484074592590332,-7.634074687957764,-6.86407470703125,-6.374074935913086,-6.164074897766113,-6.3340744972229,-6.264074802398682,-5.634074687957764,-5.064074516296387,-4.534074783325195,-4.944074630737305,-5.274074554443359,-4.764074802398682,-4.664074897766113,-4.634074687957764,-4.5840744972229,-4.554074764251709,-4.104074478149414,-3.7140746116638184,-3.6540746688842773,-3.3340747356414795,-3.0940747261047363,-2.814074754714966,-2.434074640274048,-1.954074740409851,-2.0940747261047363,-2.3340747356414795,-2.5840747356414795
-5.754074573516846,-5.774074554443359,-6.184074878692627,-6.214074611663818,-5.904074668884277,-6.174074649810791,-6.324074745178223,-6.344074726104736,-6.284074783325195,-6.324074745178223,-6.224074840545654,-6.064074516296387,-6.014074802398682,-6.11407470703125,-6.884074687957764,-7.264074802398682,-6.684074878692627,-6.174074649810791,-6.174074649810791,-6.184074878692627,-6.0840744972229,-5.624074935913086,-5.534074783325195,-5.104074478149414,-4.804074764251709,-5.474074840545654,-5.214074611663818,-4.944074630737305,-5.024074554443359,-5.044074535369873,-5.304074764251709,-4.904074668884277,-4.094074726104736,-3.754074811935425,-4.044074535369873,-3.494074821472168,-3.004074811935425,-2.7840747833251953,-2.5840747356414795,-2.474074602127075,-2.9040746688842773,-2.994074821472168,-2.794074773788452
-3.4640746116638184,-5.954074859619141,-6.564074516296387,-6.3940749168396,-6.244074821472168,-6.514074802398682,-6.694074630737305,-6.784074783325195,-6.984074592590332,-7.054074764251709,-6.814074516296387,-6.454074859619141,-6.3340744972229,-6.154074668884277,-6.594074726104736,-6.354074478149414,-5.814074516296387,-5.324074745178223,-5.404074668884277,-5.86407470703125,-5.544074535369873,-5.3340744972229,-5.5840744972229,-5.194074630737305,-5.514074802398682,-5.784074783325195,-5.434074878692627,-5.484074592590332,-5.634074687957764,-5.494074821472168,-5.134074687957764,-4.444074630737305,-3.854074716567993,-4.1440749168396,-4.094074726104736,-3.474074602127075,-3.354074716567993,-3.504074811935425,-3.254074811935425,-3.3840746879577637,-3.5740747451782227,-3.184074640274048,-2.7640748023986816
-6.634074687957764,-6.874074935913086,-6.544074535369873,-6.274074554443359,-6.474074840545654,-6.714074611663818,-6.924074649810791,-7.11407470703125,-7.444074630737305,-7.224074840545654,-6.624074935913086,-6.064074516296387,-5.994074821472168,-6.464074611663818,-6.604074478149414,-5.884074687957764,-5.904074668884277,-6.194074630737305,-6.104074478149414,-5.954074859619141,-5.714074611663818,-5.8340744972229,-5.564074516296387,-5.3940749168396,-5.944074630737305,-5.86407470703125,-5.734074592590332,-5.754074573516846,-5.704074859619141,-5.194074630737305,-4.704074859619141,-4.344074726104736,-4.264074802398682,-4.434074878692627,-3.924074649810791,-3.9440746307373047,-4.254074573516846,-3.914074659347534,-3.4040746688842773,-3.8340747356414795,-3.6440746784210205,-3.414074659347534,-3.474074602127075
-6.764074802398682,-6.384074687957764,-5.974074840545654,-6.534074783325195,-7.154074668884277,-6.8940749168396,-6.754074573516846,-6.914074897766113,-6.734074592590332,-6.264074802398682,-6.464074611663818,-6.494074821472168,-7.324074745178223,-7.604074478149414,-6.944074630737305,-5.944074630737305,-6.194074630737305,-6.204074859619141,-5.884074687957764,-6.214074611663818,-6.374074935913086,-6.534074783325195,-5.904074668884277,-6.1440749168396,-6.424074649810791,-6.11407470703125,-5.754074573516846,-5.354074478149414,-5.004074573516846,-4.714074611663818,-4.794074535369873,-4.684074878692627,-4.5840744972229,-4.264074802398682,-3.974074602127075,-4.314074516296387,-4.234074592590332,-3.914074659347534,-3.9640746116638184,-4.1440749168396,-3.984074592590332,-4.194074630737305,-4.304074764251709
-6.3940749168396,-6.134074687957764,-6.734074592590332,-7.514074802398682,-7.3340744972229,-7.164074897766113,-7.1440749168396,-7.104074478149414,-6.524074554443359,-6.384074687957764,-6.634074687957764,-6.934074878692627,-7.8940749168396,-7.294074535369873,-6.384074687957764,-6.004074573516846,-6.044074535369873,-5.61407470703125,-6.354074478149414,-6.974074840545654,-7.004074573516846,-6.6440749168396,-6.404074668884277,-6.664074897766113,-6.374074935913086,-5.704074859619141,-5.064074516296387,-4.774074554443359,-4.674074649810791,-4.844074726104736,-4.804074764251709,-4.594074726104736,-4.5840744972229,-4.284074783325195,-4.314074516296387,-4.184074878692627,-4.104074478149414,-4.444074630737305,-4.774074554443359,-4.754074573516846,-4.684074878692627,-4.934074878692627,-4.934074878692627
-6.484074592590332,-6.3940749168396,-7.414074897766113,-7.474074840545654,-7.424074649810791,-7.674074649810791,-7.274074554443359,-6.8340744972229,-6.724074840545654,-6.814074516296387,-6.964074611663818,-7.724074840545654,-7.664074897766113,-6.764074802398682,-6.674074649810791,-6.1440749168396,-5.904074668884277,-6.544074535369873,-7.414074897766113,-7.494074821472168,-7.134074687957764,-6.784074783325195,-6.564074516296387,-6.204074859619141,-5.554074764251709,-5.004074573516846,-4.774074554443359,-4.924074649810791,-5.184074878692627,-5.194074630737305,-4.934074878692627,-4.8340744972229,-4.654074668884277,-4.3340744972229,-4.314074516296387,-4.424074649810791,-4.794074535369873,-5.094074726104736,-5.204074859619141,-5.174074649810791,-5.384074687957764,-5.674074649810791,-5.764074802398682
-5.374074935913086,-6.954074859619141,-7.564074516296387,-7.444074630737305,-7.564074516296387,-7.384074687957764,-6.374074935913086,-7.224074840545654,-7.594074726104736,-7.624074935913086,-7.874074935913086,-7.794074535369873,-7.124074935913086,-7.254074573516846,-6.954074859619141,-6.164074897766113,-6.744074821472168,-7.524074554443359,-7.604074478149414,-7.264074802398682,-7.024074554443359,-6.594074726104736,-6.014074802398682,-5.604074478149414,-5.284074783325195,-4.934074878692627,-4.814074516296387,-5.0840744972229,-5.414074897766113,-5.494074821472168,-5.344074726104736,-5.164074897766113,-4.664074897766113,-4.354074478149414,-4.624074935913086,-5.0840744972229,-5.474074840545654,-5.61407470703125,-5.564074516296387,-5.794074535369873,-6.294074535369873,-6.274074554443359,-6.094074726104736
-7.064074516296387,-7.86407470703125,-7.904074668884277,-7.874074935913086,-7.514074802398682,-6.754074573516846,-6.874074935913086,-8.20407485961914,-8.004075050354004,-8.11407470703125,-7.914074897766113,-7.324074745178223,-7.424074649810791,-7.284074783325195,-6.534074783325195,-7.044074535369873,-7.8940749168396,-7.924074649810791,-7.434074878692627,-6.974074840545654,-6.434074878692627,-6.004074573516846,-5.924074649810791,-5.704074859619141,-5.254074573516846,-4.814074516296387,-4.794074535369873,-5.274074554443359,-5.684074878692627,-5.794074535369873,-5.654074668884277,-5.1440749168396,-4.624074935913086,-4.684074878692627,-5.194074630737305,-5.8340744972229,-6.124074935913086,-6.124074935913086,-6.214074611663818,-6.554074764251709,-6.504074573516846,-6.174074649810791,-6.0840744972229
-7.774074554443359,-8.05407428741455,-8.254075050354004,-7.844074726104736,-7.204074859619141,-6.904074668884277,-7.824074745178223,-8.224074363708496,-8.214075088500977,-8.074074745178223,-7.534074783325195,-7.604074478149414,-7.714074611663818,-7.204074859619141,-7.36407470703125,-8.014074325561523,-7.944074630737305,-7.184074878692627,-6.374074935913086,-5.604074478149414,-5.474074840545654,-6.224074840545654,-6.014074802398682,-5.264074802398682,-4.8340744972229,-4.734074592590332,-5.294074535369873,-5.974074840545654,-6.174074649810791,-5.974074840545654,-5.504074573516846,-5.0840744972229,-5.004074573516846,-5.544074535369873,-6.36407470703125,-6.734074592590332,-6.474074840545654,-6.444074630737305,-6.624074935913086,-6.654074668884277,-6.474074840545654,-6.36407470703125,-6.434074878692627
-7.8940749168396,-8.214075088500977,-8.224074363708496,-7.624074935913086,-7.324074745178223,-7.844074726104736,-8.30407428741455,-8.574074745178223,-8.404074668884277,-7.754074573516846,-7.424074649810791,-7.624074935913086,-7.544074535369873,-7.624074935913086,-7.784074783325195,-7.6440749168396,-6.944074630737305,-6.094074726104736,-5.564074516296387,-5.424074649810791,-5.954074859619141,-5.974074840545654,-5.324074745178223,-4.964074611663818,-4.8940749168396,-5.484074592590332,-6.3340744972229,-6.544074535369873,-6.184074878692627,-5.5840744972229,-5.304074764251709,-5.384074687957764,-6.11407470703125,-6.904074668884277,-6.944074630737305,-6.734074592590332,-6.594074726104736,-6.684074878692627,-6.744074821472168,-6.754074573516846,-6.884074687957764,-6.984074592590332,-7.004074573516846
-8.284074783325195,-8.264074325561523,-7.86407470703125,-7.604074478149414,-8.014074325561523,-8.254075050354004,-8.764074325561523,-8.914074897766113,-8.234074592590332,-7.574074745178223,-7.494074821472168,-7.854074478149414,-7.994074821472168,-7.754074573516846,-7.404074668884277,-6.734074592590332,-6.044074535369873,-5.804074764251709,-5.854074478149414,-6.054074764251709,-6.004074573516846,-5.454074859619141,-5.254074573516846,-5.344074726104736,-5.784074783325195,-6.534074783325195,-6.884074687957764,-6.554074764251709,-6.094074726104736,-5.6440749168396,-5.594074726104736,-6.554074764251709,-7.274074554443359,-7.264074802398682,-6.884074687957764,-6.8340744972229,-6.944074630737305,-6.964074611663818,-7.024074554443359,-7.254074573516846,-7.494074821472168,-7.484074592590332,-7.324074745178223
-8.42407512664795,-8.004075050354004,-8.064074516296387,-8.224074363708496,-8.294075012207031,-8.764074325561523,-9.094074249267578,-8.634075164794922,-7.924074649810791,-7.714074611663818,-8.164074897766113,-8.42407512664795,-8.074074745178223,-7.184074878692627,-6.284074783325195,-5.684074878692627,-5.854074478149414,-6.1440749168396,-6.124074935913086,-6.094074726104736,-6.004074573516846,-5.694074630737305,-5.784074783325195,-6.1440749168396,-6.714074611663818,-7.0840744972229,-7.054074764251709,-6.684074878692627,-6.304074764251709,-6.174074649810791,-6.994074821472168,-7.494074821472168,-7.294074535369873,-7.224074840545654,-7.344074726104736,-7.36407470703125,-7.184074878692627,-7.174074649810791,-7.464074611663818,-7.694074630737305,-7.844074726104736,-7.744074821472168,-7.6440749168396
-8.294075012207031,-8.044075012207031,-8.444074630737305,-8.224074363708496,-8.834074974060059,-9.264074325561523,-9.034074783325195,-8.45407485961914,-8.064074516296387,-8.214075088500977,-8.344074249267578,-8.034074783325195,-7.414074897766113,-6.484074592590332,-5.904074668884277,-5.814074516296387,-6.024074554443359,-5.954074859619141,-5.744074821472168,-6.034074783325195,-6.344074726104736,-6.354074478149414,-6.5840744972229,-6.964074611663818,-7.284074783325195,-7.454074859619141,-7.244074821472168,-6.694074630737305,-6.6440749168396,-7.524074554443359,-7.744074821472168,-7.504074573516846,-7.344074726104736,-7.514074802398682,-7.61407470703125,-7.534074783325195,-7.384074687957764,-7.6440749168396,-7.984074592590332,-8.064074516296387,-8.11407470703125,-8.014074325561523,-8.064074516296387
-8.254075050354004,-8.584074974060059,-8.374074935913086,-8.584074974060059,-9.224074363708496,-9.214075088500977,-8.904074668884277,-8.434074401855469,-8.244074821472168,-8.044075012207031,-7.494074821472168,-7.034074783325195,-6.924074649810791,-6.5840744972229,-6.074074745178223,-5.874074935913086,-5.774074554443359,-5.424074649810791,-5.714074611663818,-6.36407470703125,-6.764074802398682,-7.034074783325195,-7.274074554443359,-7.554074764251709,-7.754074573516846,-7.5840744972229,-6.944074630737305,-6.934074878692627,-7.8940749168396,-8.094074249267578,-7.634074687957764,-7.524074554443359,-7.604074478149414,-7.534074783325195,-7.5840744972229,-7.844074726104736,-8.02407455444336,-8.234074592590332,-8.374074935913086,-8.324074745178223,-8.354074478149414,-8.45407485961914,-8.474074363708496
