Chrome_Extension/data/gfs_velocity_850mb.json
{"header": { "discipline": 0, "disciplineName": "Meteorological products", "parameterCategory": 2, "parameterCategoryName": "Momentum", "parameterNumber": 3, "parameterNumberName": "V-component_of_wind", "parameterUnit": "m.s-1", "forecastTime": 1, "refTime": "2021-03-21 06:00:00", "surface1Type": 100, "surface1TypeName": "Isobaric surface", "surface1Value": 850, "gridDefinition": "Latitude_Longitude", "nx": 280, "ny": 200, "lo1": -140.0, "la1": 65.0, "lo2": -70.25, "la2": 15.25, "dx": 0.25, "dy": 0.25, "unit": "m/s" }, "data":
[rows 38 to 56 of 200, columns 43 to 85 of 280]
3.1200902462005615,6.5600905418396,6.200090408325195,4.720090389251709,6.100090503692627,6.920090198516846,6.210090160369873,5.2500901222229,3.7400903701782227,2.830090284347534,5.28009033203125,6.120090484619141,6.900090217590332,6.710090160369873,3.150090217590332,2.670090436935425,3.0600903034210205,2.890090227127075,3.660090446472168,4.3100905418396,5.270090103149414,7.010090351104736,7.770090103149414,6.940090179443359,6.510090351104736,6.820090293884277,5.900090217590332,4.700090408325195,5.430090427398682,7.180090427398682,6.820090293884277,6.2500901222229,4.940090179443359,3.970090389251709,3.420090436935425,2.1900904178619385,1.0000903606414795,-0.04990966618061066,-0.7299096584320068,-0.6199096441268921,-0.45990967750549316,-0.9499096870422363,-1.379909634590149
4.760090351104736,7.240090370178223,6.380090236663818,4.840090274810791,5.890090465545654,5.200090408325195,4.940090179443359,4.840090274810791,6.540090560913086,3.3800902366638184,5.040090560913086,7.770090103149414,7.440090179443359,6.600090503692627,4.330090522766113,3.5600903034210205,3.420090436935425,3.910090446472168,3.980090379714966,5.760090351104736,7.320090293884277,7.820090293884277,7.870090484619141,7.600090503692627,6.790090560913086,6.230090141296387,5.890090465545654,4.020090103149414,3.8200902938842773,5.340090274810791,6.140090465545654,4.450090408325195,4.150090217590332,4.180090427398682,3.8600902557373047,3.1200902462005615,2.0100903511047363,0.7500903606414795,-0.519909679889679,-1.2499096393585205,-1.4599096775054932,-1.779909610748291,-2.0699095726013184
5.510090351104736,5.210090160369873,5.5000901222229,5.470090389251709,5.150090217590332,4.2500901222229,5.740090370178223,4.630090236663818,6.7500901222229,5.380090236663818,4.620090484619141,6.870090484619141,8.47008991241455,9.570090293884277,5.950090408325195,3.6100902557373047,4.020090103149414,4.900090217590332,6.03009033203125,7.03009033203125,7.200090408325195,7.28009033203125,7.200090408325195,6.760090351104736,6.270090103149414,5.360090255737305,4.970090389251709,5.930090427398682,5.650090217590332,3.980090379714966,3.210090398788452,2.03009033203125,4.2500901222229,4.270090103149414,3.660090446472168,3.150090217590332,2.3600902557373047,1.2500903606414795,0.11009033024311066,-0.6799096465110779,-1.1999096870422363,-1.8299096822738647,-2.5699095726013184
5.090090274810791,4.420090198516846,5.320090293884277,5.630090236663818,5.270090103149414,5.28009033203125,5.160090446472168,3.210090398788452,3.8000903129577637,4.680090427398682,5.8100905418396,8.420090675354004,10.12009048461914,9.110090255737305,8.050090789794922,8.320090293884277,7.0600905418396,7.150090217590332,6.400090217590332,5.200090408325195,4.580090522766113,4.320090293884277,4.28009033203125,4.460090160369873,4.580090522766113,4.540090560913086,4.600090503692627,4.400090217590332,4.770090103149414,4.300090312957764,3.920090436935425,2.5500903129577637,3.220090389251709,3.2600903511047363,3.090090274810791,3.710090398788452,4.160090446472168,3.480090379714966,2.160090446472168,0.5100903511047363,-0.8599096536636353,-1.6699097156524658,-2.289909601211548
5.880090236663818,4.210090160369873,4.650090217590332,7.460090160369873,3.920090436935425,3.1800904273986816,3.910090446472168,4.790090560913086,5.600090503692627,6.290090560913086,6.290090560913086,6.450090408325195,7.460090160369873,9.070090293884277,10.69009017944336,9.760089874267578,7.710090160369873,7.140090465545654,6.410090446472168,4.950090408325195,4.760090351104736,4.610090255737305,4.330090522766113,3.8200902938842773,3.340090274810791,3.3100903034210205,3.3600902557373047,3.770090341567993,3.900090217590332,3.2500903606414795,3.0600903034210205,3.5600903034210205,3.2000904083251953,2.3800902366638184,2.3100903034210205,2.5600903034210205,2.460090398788452,2.720090389251709,3.28009033203125,2.480090379714966,1.6500903367996216,0.4300903379917145,-1.0399097204208374
6.100090503692627,5.650090217590332,7.110090255737305,7.430090427398682,3.040090322494507,2.6800904273986816,3.410090446472168,4.150090217590332,5.03009033203125,4.660090446472168,5.78009033203125,8.880090713500977,11.060090065002441,10.800090789794922,9.560090065002441,8.360090255737305,6.340090274810791,6.220090389251709,6.690090179443359,6.740090370178223,5.870090484619141,5.130090236663818,4.390090465545654,3.590090274810791,2.8600902557373047,2.1900904178619385,1.620090365409851,1.870090365409851,2.470090389251709,2.78009033203125,3.2400903701782227,3.8800902366638184,2.9400904178619385,3.3800902366638184,2.7000904083251953,2.4500904083251953,2.2500903606414795,2.270090341567993,2.2600903511047363,1.8200902938842773,1.5700902938842773,1.2400903701782227,0.5400903224945068
6.690090179443359,7.300090312957764,8.700090408325195,6.390090465545654,4.450090408325195,4.220090389251709,4.420090198516846,6.330090522766113,5.520090103149414,5.53009033203125,9.700090408325195,11.430089950561523,8.330090522766113,6.7500901222229,7.350090503692627,9.040090560913086,7.570090293884277,6.640090465545654,6.78009033203125,6.330090522766113,5.110090255737305,3.900090217590332,2.9900903701782227,2.170090436935425,2.1100902557373047,2.040090322494507,0.8200903534889221,1.1000903844833374,1.9200903177261353,2.720090389251709,2.770090341567993,1.8200902938842773,1.9900903701782227,1.9000903367996216,1.870090365409851,1.3100903034210205,1.8200902938842773,1.8200902938842773,1.930090308189392,2.230090379714966,1.090090274810791,1.3600903749465942,1.5700902938842773
12.980090141296387,11.330090522766113,9.37009048461914,7.930090427398682,5.930090427398682,5.110090255737305,4.78009033203125,4.980090141296387,3.7000904083251953,7.510090351104736,11.87009048461914,7.130090236663818,5.720090389251709,8.78009033203125,9.500090599060059,9.450090408325195,8.540090560913086,7.900090217590332,7.630090236663818,6.920090198516846,5.710090160369873,5.050090312957764,3.8000903129577637,2.1800904273986816,2.210090398788452,1.840090274810791,0.09009033441543579,1.120090365409851,3.7400903701782227,3.2000904083251953,2.0000903606414795,1.720090389251709,1.2700903415679932,0.6000903248786926,0.3800903260707855,0.9600903391838074,1.4900903701782227,2.1200902462005615,2.670090436935425,2.580090284347534,1.9800903797149658,2.460090398788452,2.2500903606414795
19.110090255737305,17.19009017944336,13.230090141296387,8.420090675354004,6.190090179443359,7.380090236663818,7.120090484619141,5.3100905418396,4.690090179443359,5.620090484619141,6.770090103149414,4.0600905418396,4.080090522766113,8.22008991241455,8.130090713500977,9.900090217590332,9.140089988708496,7.53009033203125,6.460090160369873,5.660090446472168,4.790090560913086,4.200090408325195,3.78009033203125,2.9900903701782227,2.0700902938842773,1.7600903511047363,0.9700903296470642,0.7600903511047363,1.7700903415679932,2.1900904178619385,1.5200903415679932,2.140090227127075,2.0600903034210205,1.930090308189392,1.4800903797149658,1.0200903415679932,0.6700903177261353,1.7100902795791626,2.640090227127075,2.100090265274048,2.040090322494507,1.940090298652649,1.2600903511047363
19.830089569091797,20.28009033203125,14.84009075164795,9.930089950561523,7.910090446472168,7.460090160369873,6.380090236663818,4.880090236663818,5.150090217590332,5.040090560913086,4.28009033203125,3.410090446472168,3.650090217590332,6.410090446472168,8.900090217590332,9.770090103149414,6.580090522766113,4.580090522766113,4.5000901222229,3.5600903034210205,4.580090522766113,4.710090160369873,4.330090522766113,3.840090274810791,2.340090274810791,0.3500903248786926,0.6400903463363647,0.45009031891822815,0.4400903284549713,1.1500903367996216,1.5000903606414795,1.9600902795791626,2.0000903606414795,1.380090355873108,1.840090274810791,2.0600903034210205,1.9500902891159058,0.7700903415679932,-0.08990966528654099,1.0200903415679932,1.440090298652649,1.4000903367996216,2.1200902462005615
18.220090866088867,18.920089721679688,17.430089950561523,13.750090599060059,8.920090675354004,6.290090560913086,6.880090236663818,6.03009033203125,6.090090274810791,4.140090465545654,3.470090389251709,3.830090284347534,5.940090179443359,8.240090370178223,7.660090446472168,6.430090427398682,4.900090217590332,3.020090341567993,3.660090446472168,4.120090484619141,4.320090293884277,4.230090141296387,4.740090370178223,5.0600905418396,4.360090255737305,1.690090298652649,-1.0099096298217773,-1.5899096727371216,-1.5499097108840942,-0.5599096417427063,1.2000902891159058,0.980090320110321,0.9600903391838074,1.0700902938842773,1.1500903367996216,1.4800903797149658,2.0600903034210205,3.5700902938842773,1.0100903511047363,-0.7399096488952637,-0.009909668006002903,0.9200903177261353,0.8900903463363647
16.62009048461914,17.540090560913086,17.700090408325195,16.230091094970703,14.84009075164795,12.19009017944336,7.2500901222229,7.670090198516846,6.480090141296387,3.6800904273986816,3.78009033203125,4.640090465545654,6.760090351104736,6.680090427398682,3.0600903034210205,5.760090351104736,3.670090436935425,3.2500903606414795,2.840090274810791,2.4500904083251953,3.03009033203125,5.600090503692627,6.040090560913086,5.210090160369873,3.540090322494507,1.6100903749465942,-0.7099096775054932,-3.1899096965789795,-3.539909601211548,-2.3199095726013184,-1.2399096488952637,-0.44990965723991394,0.2500903308391571,0.49009034037590027,0.4100903272628784,-0.16990967094898224,-0.4099096655845642,-0.1899096667766571,0.7400903105735779,1.2500903606414795,1.1100903749465942,0.6300903558731079,1.7400903701782227
14.810090065002441,15.010089874267578,15.700090408325195,15.900090217590332,15.700090408325195,15.100090026855469,10.300090789794922,6.620090484619141,5.78009033203125,5.460090160369873,4.790090560913086,4.200090408325195,3.4500904083251953,1.8200902938842773,1.190090298652649,3.0600903034210205,1.1500903367996216,0.13009032607078552,0.5900903344154358,1.5700902938842773,2.710090398788452,3.2600903511047363,3.2400903701782227,2.400090217590332,1.6000903844833374,1.340090274810791,0.9100903272628784,-1.309909701347351,-3.8199095726013184,-3.609909772872925,-2.829909563064575,-2.839909553527832,-1.7599096298217773,-0.05990966781973839,0.7600903511047363,-0.22990967333316803,-0.35990965366363525,-0.38990965485572815,0.45009031891822815,1.0400903224945068,1.5200903415679932,1.690090298652649,0.7500903606414795
14.22008991241455,14.180089950561523,14.320090293884277,14.990090370178223,15.28009033203125,15.47008991241455,13.040090560913086,8.040090560913086,5.490090370178223,4.660090446472168,5.210090160369873,4.790090560913086,3.850090265274048,2.520090341567993,2.3200902938842773,2.28009033203125,2.2500903606414795,2.7600903511047363,1.380090355873108,1.8500903844833374,1.6000903844833374,0.730090320110321,-0.05990966781973839,-0.25990965962409973,0.5100903511047363,1.470090389251709,1.0600903034210205,-1.8999096155166626,-3.649909734725952,-3.2399096488952637,-3.46990966796875,-3.579909563064575,-3.5599095821380615,-2.2499096393585205,-0.4399096667766571,0.04009033367037773,-0.11990966647863388,-0.039909668266773224,0.48009032011032104,0.3400903344154358,0.9400903582572937,1.7900903224945068,1.4200903177261353
13.570090293884277,13.53009033203125,13.680089950561523,14.250090599060059,14.660090446472168,14.570090293884277,13.03009033203125,8.830090522766113,5.28009033203125,4.420090198516846,4.270090103149414,3.840090274810791,2.730090379714966,2.2500903606414795,2.6100902557373047,3.220090389251709,3.4300904273986816,3.4300904273986816,1.8200902938842773,1.370090365409851,1.3000903129577637,1.430090308189392,0.18009033799171448,-1.059909701347351,-1.46990966796875,-1.0899096727371216,-1.4999096393585205,-2.349909782409668,-3.079909563064575,-3.21990966796875,-3.6399097442626953,-4.089909553527832,-4.289909839630127,-3.169909715652466,-1.869909644126892,-0.1299096643924713,1.2300903797149658,1.090090274810791,0.7400903105735779,0.2200903296470642,0.8700903058052063,0.3500903248786926,0.020090332254767418
12.860090255737305,13.050090789794922,13.020090103149414,13.040090560913086,13.270090103149414,12.400090217590332,11.480090141296387,8.350090026855469,3.960090398788452,3.580090284347534,3.650090217590332,3.140090227127075,1.720090389251709,1.440090298652649,1.7700903415679932,2.890090227127075,3.1200902462005615,4.03009033203125,3.28009033203125,1.7300903797149658,2.090090274810791,4.260090351104736,2.0000903606414795,0.16009032726287842,-0.6099096536636353,-1.2899097204208374,-2.329909563064575,-2.659909725189209,-2.3699097633361816,-3.7599096298217773,-4.179909706115723,-3.5599095821380615,-3.1999096870422363,-1.96990966796875,0.28009033203125,0.7200903296470642,0.17009033262729645,0.08009032905101776,0.7000903487205505,1.870090365409851,2.150090217590332,1.2500903606414795,1.380090355873108
12.28009033203125,12.260089874267578,12.010089874267578,11.610090255737305,11.680089950561523,11.390089988708496,9.800090789794922,6.570090293884277,4.380090236663818,4.0000901222229,4.100090503692627,4.110090255737305,2.1800904273986816,1.2400903701782227,1.840090274810791,2.480090379714966,2.1200902462005615,2.4300904273986816,2.660090446472168,2.220090389251709,2.480090379714966,2.6300902366638184,1.9000903367996216,1.370090365409851,0.580090343952179,0.33009034395217896,-0.10990966856479645,-1.3599096536636353,-2.159909725189209,-1.7599096298217773,-3.4899096488952637,-2.6199097633361816,-1.8599096536636353,-0.6599096655845642,0.9600903391838074,0.6800903081893921,-0.08990966528654099,0.7700903415679932,0.6100903153419495,0.7200903296470642,1.440090298652649,0.6200903058052063,1.0400903224945068
11.53009033203125,11.53009033203125,11.28009033203125,10.84009075164795,10.260089874267578,9.750090599060059,8.490090370178223,6.7500901222229,4.430090427398682,2.8600902557373047,2.8000903129577637,2.9400904178619385,1.720090389251709,1.2400903701782227,1.5800902843475342,2.4900903701782227,1.190090298652649,2.270090341567993,2.790090322494507,2.7500903606414795,3.3800902366638184,3.330090284347534,2.7000904083251953,2.910090446472168,3.040090322494507,2.150090217590332,1.870090365409851,1.6500903367996216,-0.7299096584320068,-0.5899096727371216,-1.309909701347351,-2.8699097633361816,-2.8199095726013184,-2.8099095821380615,-2.099909782409668,-1.3899096250534058,-2.0699095726013184,-0.6399096846580505,-0.26990967988967896,0.1900903284549713,-0.32990968227386475,-0.8799096941947937,-0.7899096608161926
11.020090103149414,10.790090560913086,10.520090103149414,10.060090065002441,9.150090217590332,7.860090255737305,6.900090217590332,5.600090503692627,3.8700902462005615,2.460090398788452,1.6100903749465942,1.4000903367996216,1.120090365409851,0.6400903463363647,0.9000903367996216,1.5000903606414795,1.1500903367996216,1.720090389251709,2.0100903511047363,2.1800904273986816,2.5500903129577637,3.1300902366638184,2.7400903701782227,2.590090274810791,1.4200903177261353,1.090090274810791,1.4500902891159058,0.9000903367996216,0.6300903558731079,0.6500903367996216,0.16009032726287842,-1.9899096488952637,-2.329909563064575,-3.8899097442626953,-3.3099095821380615,-1.4799096584320068,-3.529909610748291,-2.6799097061157227,-2.1199097633361816,-1.3599096536636353,-0.7899096608161926,-1.2599096298217773,-1.4599096775054932
