Chrome_Extension/data/gfs_velocity_800mb.json
{"header": { "discipline": 0, "disciplineName": "Meteorological products", "parameterCategory": 2, "parameterCategoryName": "Momentum", "parameterNumber": 2, "parameterNumberName": "U-component_of_wind", "parameterUnit": "m.s-1", "forecastTime": 1, "refTime": "2021-03-21 06:00:00", "surface1Type": 100, "surface1TypeName": "Isobaric surface", "surface1Value": 800, "gridDefinition": "Latitude_Longitude", "nx": 280, "ny": 200, "lo1": -140.0, "la1": 65.0, "lo2": -70.25, "la2": 15.25, "dx": 0.25, "dy": 0.25, "unit": "m/s" }, "data":
[rows 38 to 56 of 200, columns 0 to 42 of 280]
14.82592487335205,13.82592487335205,12.94592571258545,12.125925064086914,11.085925102233887,9.88592529296875,8.735925674438477,8.185925483703613,8.005925178527832,8.205924987792969,8.525925636291504,8.815925598144531,9.04592514038086,9.035924911499023,9.055925369262695,9.265925407409668,9.125925064086914,9.065925598144531,10.435925483703613,11.315925598144531,9.785924911499023,6.825925350189209,4.975925445556641,4.365925312042236,3.7359251976013184,4.125925064086914,4.545925140380859,4.465925216674805,3.8659253120422363,2.895925283432007,1.545925259590149,0.13592529296875,0.11592528969049454,-0.11407470703125,-0.7440747022628784,1.1259253025054932,3.5959253311157227,3.585925340652466,2.6159253120422363,2.7259252071380615,2.955925226211548,5.965925216674805,6.055925369262695
17.54592514038086,16.775924682617188,15.465925216674805,13.955924987792969,12.785924911499023,12.115924835205078,11.155925750732422,9.735925674438477,8.555925369262695,8.355925559997559,8.415925025939941,8.435925483703613,8.905925750732422,9.22592544555664,9.515925407409668,10.22592544555664,10.215925216674805,9.655925750732422,10.605925559997559,11.69592571258545,11.07592487335205,10.905925750732422,10.505925178527832,9.94592571258545,9.085925102233887,7.615925312042236,6.735925197601318,5.835925102233887,4.8559250831604,3.9059252738952637,3.825925350189209,2.8659253120422363,1.225925326347351,0.06592529267072678,0.30592527985572815,2.205925226211548,3.525925397872925,4.1059250831604,4.535925388336182,6.265925407409668,6.3559250831604,5.875925064086914,3.2159252166748047
19.06592559814453,18.845924377441406,18.26592445373535,17.055925369262695,15.485925674438477,14.055925369262695,12.94592571258545,11.655925750732422,10.205924987792969,9.345925331115723,9.315925598144531,9.505925178527832,9.595925331115723,9.525925636291504,9.345925331115723,9.395925521850586,9.875925064086914,10.305925369262695,10.315925598144531,10.285924911499023,10.655925750732422,11.22592544555664,11.515925407409668,11.185925483703613,10.22592544555664,9.29592514038086,7.655925273895264,7.63592529296875,7.655925273895264,7.335925102233887,7.585925102233887,7.435925483703613,6.205925464630127,4.615925312042236,3.6659252643585205,3.8659253120422363,3.9159252643585205,4.485925197601318,6.305925369262695,8.315925598144531,7.835925102233887,7.325925350189209,5.295925140380859
19.595924377441406,19.405925750732422,19.215925216674805,18.615924835205078,17.615924835205078,16.38592529296875,15.005925178527832,13.57592487335205,11.965925216674805,10.605925559997559,10.125925064086914,10.625925064086914,11.29592514038086,11.455924987792969,11.015925407409668,10.625925064086914,10.425925254821777,10.645925521850586,11.245924949645996,12.155925750732422,12.555925369262695,11.965925216674805,11.415925025939941,11.07592487335205,10.395925521850586,9.425925254821777,9.04592514038086,8.255925178527832,8.88592529296875,10.185925483703613,10.165925025939941,9.685925483703613,9.405925750732422,8.765925407409668,7.175925254821777,5.045925140380859,5.245925426483154,5.825925350189209,6.925925254821777,8.055925369262695,6.815925121307373,5.195925235748291,2.765925407409668
20.595924377441406,20.035924911499023,19.675926208496094,19.145925521850586,18.395925521850586,17.70592498779297,16.70592498779297,15.345925331115723,13.845925331115723,12.515925407409668,11.625925064086914,11.355925559997559,11.535924911499023,11.645925521850586,11.655925750732422,11.735925674438477,12.085925102233887,12.555925369262695,12.54592514038086,12.275925636291504,12.625925064086914,12.895925521850586,12.22592544555664,11.255925178527832,10.315925598144531,9.82592487335205,9.755925178527832,9.465925216674805,10.115924835205078,11.285924911499023,11.715925216674805,11.395925521850586,11.035924911499023,10.655925750732422,10.055925369262695,8.005925178527832,6.545925140380859,7.015925407409668,6.965925216674805,7.025925159454346,6.825925350189209,3.9659252166748047,2.2959253787994385
21.215925216674805,20.805925369262695,20.075925827026367,19.395925521850586,18.75592613220215,18.345924377441406,17.79592514038086,16.575925827026367,15.145925521850586,14.235925674438477,13.705924987792969,13.22592544555664,12.79592514038086,12.595925331115723,12.79592514038086,13.265925407409668,13.82592487335205,13.69592571258545,13.395925521850586,13.235925674438477,13.29592514038086,13.745924949645996,13.465925216674805,11.875925064086914,10.585925102233887,10.47592544555664,10.645925521850586,10.265925407409668,10.69592571258545,11.915925025939941,12.585925102233887,12.105925559997559,11.57592487335205,11.335925102233887,10.805925369262695,10.155925750732422,7.945925235748291,6.625925064086914,6.485925197601318,6.435925483703613,6.765925407409668,5.905925273895264,5.175925254821777
21.145925521850586,20.95592498779297,20.345924377441406,19.825925827026367,19.335926055908203,18.895925521850586,18.375925064086914,17.51592445373535,16.555925369262695,15.675925254821777,14.935925483703613,14.485925674438477,14.365924835205078,14.47592544555664,14.665925025939941,15.015925407409668,15.54592514038086,15.44592571258545,14.805925369262695,14.285924911499023,13.905925750732422,13.355925559997559,12.47592544555664,11.455924987792969,10.94592571258545,11.565925598144531,12.025925636291504,11.19592571258545,11.145925521850586,12.22592544555664,12.655925750732422,12.44592571258545,12.07592487335205,11.57592487335205,10.82592487335205,10.345925331115723,9.035924911499023,6.465925216674805,5.525925159454346,5.695925235748291,6.255925178527832,6.305925369262695,5.115925312042236
21.345924377441406,20.97592544555664,20.275924682617188,19.945924758911133,19.855924606323242,19.555925369262695,19.125925064086914,18.50592613220215,17.695924758911133,16.625925064086914,15.675925254821777,15.255925178527832,15.555925369262695,16.01592445373535,16.235925674438477,16.055925369262695,15.205924987792969,14.685925483703613,14.565925598144531,14.465925216674805,14.04592514038086,13.245924949645996,12.47592544555664,11.82592487335205,11.855925559997559,12.595925331115723,12.875925064086914,11.925925254821777,11.645925521850586,12.565925598144531,13.315925598144531,13.54592514038086,13.035924911499023,12.105925559997559,11.265925407409668,10.775925636291504,9.925925254821777,7.6059250831604,5.795925140380859,5.435925483703613,5.545925140380859,5.655925273895264,6.245925426483154
21.605924606323242,21.01592445373535,20.145925521850586,19.95592498779297,20.215925216674805,20.13592529296875,19.805925369262695,19.415925979614258,18.615924835205078,17.54592514038086,16.79592514038086,16.535924911499023,16.70592498779297,16.905925750732422,16.685924530029297,15.705924987792969,14.755925178527832,14.79592514038086,14.865924835205078,15.145925521850586,15.905925750732422,15.935925483703613,14.925925254821777,14.165925025939941,13.905925750732422,14.015925407409668,13.625925064086914,13.115924835205078,12.875925064086914,13.235925674438477,14.505925178527832,14.715925216674805,14.155925750732422,13.365924835205078,12.275925636291504,11.44592571258545,10.88592529296875,9.88592529296875,8.125925064086914,6.185925483703613,5.255925178527832,6.155925273895264,7.065925121307373
21.555925369262695,20.935924530029297,20.13592529296875,20.145925521850586,20.425926208496094,20.335926055908203,20.105924606323242,19.965925216674805,19.175926208496094,18.435924530029297,18.31592559814453,18.035924911499023,17.70592498779297,17.555925369262695,17.04592514038086,16.285924911499023,16.38592529296875,17.105924606323242,17.095924377441406,16.835926055908203,16.675926208496094,15.965925216674805,14.875925064086914,14.47592544555664,14.965925216674805,14.905925750732422,13.985925674438477,13.63592529296875,13.805925369262695,13.205924987792969,13.835925102233887,15.015925407409668,15.485925674438477,14.895925521850586,13.515925407409668,12.19592571258545,11.535924911499023,10.875925064086914,9.63592529296875,7.905925273895264,6.495925426483154,6.575925350189209,7.795925140380859
21.29592514038086,20.875925064086914,20.465925216674805,20.395925521850586,20.26592445373535,20.00592613220215,19.965925216674805,19.835926055908203,19.365924835205078,19.175926208496094,19.25592613220215,18.70592498779297,18.095924377441406,17.605924606323242,16.845924377441406,16.485925674438477,16.56592559814453,16.905925750732422,17.125925064086914,16.805925369262695,15.735925674438477,14.38592529296875,13.755925178527832,13.915925025939941,14.63592529296875,15.04592514038086,14.19592571258545,13.705924987792969,13.865924835205078,14.125925064086914,14.04592514038086,15.025925636291504,16.055925369262695,15.505925178527832,14.055925369262695,13.015925407409668,12.395925521850586,11.985925674438477,11.315925598144531,9.94592571258545,8.655925750732422,7.495925426483154,7.735925197601318
21.165925979614258,20.825925827026367,20.535924911499023,20.345924377441406,20.29592514038086,20.355924606323242,20.355924606323242,20.035924911499023,19.72592544555664,19.72592544555664,19.50592613220215,18.785924911499023,18.215925216674805,17.745925903320312,17.105924606323242,16.54592514038086,16.31592559814453,16.405925750732422,16.585926055908203,16.54592514038086,16.245925903320312,15.88592529296875,15.125925064086914,14.785924911499023,14.965925216674805,15.13592529296875,14.685925483703613,13.655925750732422,13.815925598144531,14.335925102233887,14.38592529296875,14.145925521850586,14.985925674438477,15.865924835205078,15.355925559997559,14.155925750732422,13.015925407409668,12.365924835205078,12.095925331115723,10.985925674438477,9.38592529296875,8.485925674438477,7.8559250831604
20.595924377441406,20.535924911499023,20.555925369262695,20.665925979614258,20.895925521850586,20.985925674438477,20.685924530029297,20.215925216674805,19.965925216674805,19.81592559814453,19.355924606323242,18.775924682617188,18.445924758911133,18.105924606323242,17.405925750732422,16.855924606323242,16.625925064086914,16.375925064086914,16.105924606323242,16.095924377441406,16.47592544555664,17.155925750732422,17.605924606323242,17.555925369262695,17.425926208496094,17.195924758911133,16.985925674438477,16.855924606323242,16.31592559814453,15.515925407409668,15.025925636291504,14.925925254821777,14.985925674438477,15.595925331115723,16.075925827026367,14.97592544555664,13.805925369262695,13.29592514038086,12.895925521850586,11.755925178527832,9.965925216674805,8.875925064086914,8.205924987792969
20.285924911499023,20.50592613220215,20.645925521850586,20.875925064086914,21.155925750732422,21.01592445373535,20.715925216674805,20.495925903320312,20.22592544555664,19.845924377441406,19.625925064086914,19.445924758911133,19.275924682617188,19.155925750732422,18.895925521850586,18.465925216674805,18.04592514038086,17.31592559814453,16.695924758911133,16.535924911499023,16.51592445373535,16.535924911499023,17.175926208496094,18.675926208496094,19.13592529296875,18.04592514038086,17.325925827026367,17.285924911499023,17.01592445373535,16.20592498779297,15.535924911499023,15.57592487335205,16.125925064086914,16.00592613220215,15.665925025939941,15.955924987792969,15.035924911499023,14.105925559997559,13.63592529296875,12.345925331115723,10.675925254821777,9.32592487335205,8.57592487335205
20.29592514038086,20.345924377441406,20.435924530029297,20.695924758911133,20.81592559814453,20.79592514038086,20.965925216674805,21.06592559814453,20.805925369262695,20.495925903320312,20.445924758911133,20.45592498779297,20.435924530029297,20.645925521850586,20.56592559814453,19.865924835205078,18.945924758911133,18.325925827026367,18.56592559814453,18.745925903320312,18.155925750732422,17.56592559814453,17.465925216674805,17.865924835205078,17.825925827026367,17.405925750732422,17.035924911499023,16.745925903320312,16.575925827026367,16.51592445373535,16.235925674438477,15.995924949645996,16.31592559814453,16.395925521850586,16.035924911499023,15.505925178527832,15.265925407409668,15.095925331115723,14.095925331115723,12.285924911499023,10.775925636291504,9.775925636291504,8.735925674438477
20.555925369262695,20.425926208496094,20.45592498779297,20.51592445373535,20.655925750732422,21.01592445373535,21.345924377441406,21.47592544555664,21.54592514038086,21.525924682617188,21.415925979614258,21.445924758911133,21.56592559814453,21.31592559814453,20.655925750732422,19.905925750732422,19.70592498779297,20.655925750732422,22.01592445373535,22.085926055908203,21.06592559814453,19.965925216674805,18.325925827026367,17.415925979614258,17.485925674438477,17.735925674438477,17.895925521850586,17.645925521850586,17.115924835205078,17.00592613220215,16.875925064086914,16.575925827026367,16.45592498779297,16.395925521850586,16.235925674438477,15.955924987792969,15.79592514038086,15.595925331115723,14.855925559997559,13.235925674438477,11.255925178527832,10.085925102233887,9.095925331115723
21.155925750732422,21.025924682617188,20.97592544555664,20.97592544555664,21.085926055908203,21.305925369262695,21.535924911499023,21.865924835205078,22.25592613220215,22.305925369262695,22.06592559814453,21.915925979614258,21.685924530029297,21.285924911499023,21.04592514038086,21.125925064086914,21.79592514038086,22.76592445373535,23.25592613220215,23.275924682617188,22.575925827026367,20.355924606323242,18.915925979614258,18.97592544555664,19.345924377441406,19.245925903320312,18.95592498779297,18.245925903320312,17.235925674438477,17.00592613220215,17.00592613220215,16.81592559814453,16.745925903320312,16.855924606323242,16.79592514038086,16.485925674438477,16.275924682617188,15.965925216674805,15.335925102233887,13.47592544555664,11.72592544555664,10.815925598144531,9.925925254821777
21.79592514038086,21.75592613220215,21.745925903320312,21.525924682617188,21.405925750732422,21.615924835205078,21.985925674438477,22.425926208496094,22.76592445373535,22.75592613220215,22.555925369262695,22.415925979614258,22.165925979614258,21.97592544555664,22.115924835205078,22.325925827026367,22.26592445373535,21.605924606323242,21.29592514038086,21.075925827026367,19.985925674438477,19.185924530029297,19.125925064086914,19.06592559814453,18.935924530029297,19.025924682617188,18.825925827026367,18.025924682617188,17.175926208496094,16.925926208496094,17.095924377441406,17.175926208496094,17.26592445373535,17.145925521850586,16.945924758911133,16.585926055908203,16.405925750732422,16.20592498779297,15.175925254821777,13.125925064086914,11.745924949645996,10.965925216674805,10.245924949645996
22.75592613220215,22.595924377441406,22.195924758911133,21.825925827026367,21.845924377441406,22.215925216674805,22.63592529296875,22.945924758911133,23.095924377441406,23.145925521850586,22.925926208496094,22.425926208496094,22.095924377441406,22.45592498779297,22.575925827026367,22.06592559814453,21.025924682617188,20.175926208496094,20.06592559814453,20.585926055908203,20.20592498779297,19.575925827026367,19.555925369262695,19.375925064086914,19.125925064086914,18.965925216674805,18.595924377441406,18.185924530029297,17.935924530029297,17.495925903320312,17.465925216674805,17.715925216674805,17.825925827026367,17.72592544555664,17.585926055908203,16.95592498779297,16.485925674438477,16.055925369262695,14.765925407409668,13.085925102233887,11.925925254821777,11.055925369262695,10.365924835205078
