Chrome_Extension/data/gfs_velocity_900mb.json
{"header": { "discipline": 0, "disciplineName": "Meteorological products", "parameterCategory": 2, "parameterCategoryName": "Momentum", "parameterNumber": 3, "parameterNumberName": "V-component_of_wind", "parameterUnit": "m.s-1", "forecastTime": 1, "refTime": "2021-03-21 06:00:00", "surface1Type": 100, "surface1TypeName": "Isobaric surface", "surface1Value": 900, "gridDefinition": "Latitude_Longitude", "nx": 280, "ny": 200, "lo1": -140.0, "la1": 65.0, "lo2": -70.25, "la2": 15.25, "dx": 0.25, "dy": 0.25, "unit": "m/s" }, "data":
[rows 171 to 189 of 200, columns 172 to 214 of 280]
1.1750195026397705,0.40501952171325684,-0.3849804699420929,-0.7449804544448853,-0.9949804544448853,-1.1149804592132568,-0.8849804401397705,-0.9849804639816284,-1.3049805164337158,-1.5249804258346558,-1.664980411529541,-1.514980435371399,-1.6149804592132568,-1.8149805068969727,-1.9249805212020874,-1.764980435371399,-1.8349804878234863,-2.1449804306030273,-2.554980516433716,-3.0749804973602295,-3.4449803829193115,-3.464980363845825,-3.3349804878234863,-3.304980516433716,-3.35498046875,-3.35498046875,-3.234980583190918,-2.8749804496765137,-2.284980535507202,-2.234980583190918,-1.9349805116653442,-2.3749804496765137,-1.7749804258346558,-1.3349804878234863,-1.2249804735183716,-1.0349804162979126,-1.0949804782867432,-1.7249804735183716,-1.6349804401397705,-1.1149804592132568,-1.3849804401397705,-2.0249805450439453,-2.674980401992798
1.4250195026397705,0.6550195217132568,0.0050195311196148396,-0.5049804449081421,-0.85498046875,-1.0949804782867432,-1.0749804973602295,-0.9749804735183716,-1.2449804544448853,-1.454980492591858,-1.444980502128601,-1.694980502128601,-2.0049805641174316,-2.0649805068969727,-2.0849804878234863,-2.174980401992798,-2.2649805545806885,-2.464980363845825,-2.664980411529541,-2.964980363845825,-3.4349803924560547,-3.494980573654175,-3.284980535507202,-3.494980573654175,-3.484980583190918,-3.614980459213257,-3.60498046875,-3.2749805450439453,-3.3849804401397705,-3.464980363845825,-2.9349803924560547,-2.4549803733825684,-1.7349804639816284,-1.7749804258346558,-2.304980516433716,-2.10498046875,-1.5749804973602295,-2.154980421066284,-1.7849804162979126,-1.1349804401397705,-1.7149804830551147,-2.5049805641174316,-3.0249805450439453
1.3650195598602295,0.9250195026397705,0.28501951694488525,-0.22498047351837158,-0.5849804878234863,-0.8249804973602295,-1.0249804258346558,-1.294980525970459,-1.3649804592132568,-1.5649805068969727,-1.8949804306030273,-2.344980478286743,-2.5849804878234863,-2.544980525970459,-2.404980421066284,-2.284980535507202,-2.5049805641174316,-3.10498046875,-3.2549805641174316,-3.2549805641174316,-3.464980363845825,-3.614980459213257,-3.6849803924560547,-3.6249804496765137,-3.744980573654175,-4.10498046875,-4.154980659484863,-3.654980421066284,-3.9549803733825684,-4.13498067855835,-3.7649805545806885,-2.304980516433716,-0.9149804711341858,-0.9749804735183716,-1.9049804210662842,-2.614980459213257,-2.6849803924560547,-2.994980573654175,-2.424980401992798,-1.5549805164337158,-2.35498046875,-3.0649805068969727,-3.6449804306030273
2.0650196075439453,1.0750194787979126,0.4950195252895355,-0.024980468675494194,-0.4249804615974426,-0.7049804925918579,-1.0849804878234863,-1.5749804973602295,-1.8349804878234863,-1.8249804973602295,-2.054980516433716,-2.344980478286743,-2.6449804306030273,-2.924980401992798,-2.734980583190918,-2.7049803733825684,-2.9449803829193115,-2.914980411529541,-3.234980583190918,-3.7649805545806885,-3.974980354309082,-3.8349804878234863,-3.5849804878234863,-3.3149805068969727,-3.7549805641174316,-4.204980373382568,-4.274980545043945,-3.654980421066284,-3.2049803733825684,-3.7749805450439453,-3.244980573654175,-2.294980525970459,-1.2749804258346558,-0.904980480670929,-1.5749804973602295,-2.2549805641174316,-3.1449804306030273,-3.744980573654175,-2.964980363845825,-2.4549803733825684,-2.5849804878234863,-2.7549805641174316,-3.3149805068969727
2.1150195598602295,1.5050195455551147,0.7350195050239563,0.1150195300579071,-0.31498047709465027,-0.8949804902076721,-1.2849804162979126,-1.5549805164337158,-1.944980502128601,-2.114980459213257,-2.1349804401397705,-2.3349804878234863,-2.6449804306030273,-2.8349804878234863,-2.904980421066284,-3.0149805545806885,-3.224980354309082,-3.3849804401397705,-3.554980516433716,-3.9449803829193115,-4.094980239868164,-3.7749805450439453,-3.8849804401397705,-4.07498025894165,-4.164980411529541,-4.10498046875,-3.8249804973602295,-2.8149805068969727,-2.044980525970459,-2.494980573654175,-2.7649805545806885,-2.7649805545806885,-1.9249805212020874,-1.294980525970459,-1.764980435371399,-2.364980459213257,-3.044980525970459,-3.7049803733825684,-3.244980573654175,-2.784980535507202,-2.8849804401397705,-3.1449804306030273,-3.8249804973602295
2.0650196075439453,1.5150195360183716,0.9150195121765137,0.10501953214406967,-0.5449804663658142,-0.9149804711341858,-1.60498046875,-1.9649804830551147,-2.114980459213257,-2.3849804401397705,-2.5249805450439453,-2.6249804496765137,-2.864980459213257,-3.0649805068969727,-3.1349804401397705,-3.284980535507202,-3.5749804973602295,-3.784980535507202,-4.094980239868164,-4.204980373382568,-4.194980621337891,-4.334980487823486,-4.534980297088623,-4.544980525970459,-4.344980239868164,-3.984980583190918,-2.984980583190918,-2.0849804878234863,-1.7449804544448853,-1.9849804639816284,-2.464980363845825,-2.344980478286743,-1.85498046875,-1.5849804878234863,-1.8749804496765137,-2.4549803733825684,-2.85498046875,-2.8849804401397705,-2.864980459213257,-2.8949804306030273,-3.424980401992798,-4.164980411529541,-4.594980239868164
1.9350194931030273,1.555019497871399,0.9950195550918579,0.37501952052116394,-0.4149804711341858,-1.0949804782867432,-1.544980525970459,-2.0249805450439453,-2.234980583190918,-2.464980363845825,-2.784980535507202,-3.0049805641174316,-2.9449803829193115,-3.10498046875,-3.404980421066284,-3.664980411529541,-3.794980525970459,-3.994980573654175,-4.194980621337891,-4.414980411529541,-4.554980278015137,-4.674980640411377,-4.394980430603027,-3.8349804878234863,-3.5049805641174316,-2.904980421066284,-2.244980573654175,-1.7149804830551147,-1.414980411529541,-1.7749804258346558,-2.2549805641174316,-2.0749804973602295,-1.5949804782867432,-1.3249804973602295,-1.5949804782867432,-1.9949804544448853,-2.224980354309082,-2.344980478286743,-2.784980535507202,-3.234980583190918,-3.784980535507202,-4.57498025894165,-4.984980583190918
1.705019474029541,1.2250195741653442,0.8150195479393005,0.12501953542232513,-0.49498045444488525,-1.0949804782867432,-1.7449804544448853,-1.9249805212020874,-2.2049803733825684,-2.364980459213257,-2.464980363845825,-2.8249804973602295,-3.0649805068969727,-3.304980516433716,-3.544980525970459,-3.734980583190918,-3.9349803924560547,-4.214980602264404,-4.504980564117432,-4.554980278015137,-4.454980373382568,-4.314980506896973,-3.674980401992798,-3.214980363845825,-2.904980421066284,-2.5749804973602295,-2.164980411529541,-1.8249804973602295,-1.7749804258346558,-2.1449804306030273,-2.224980354309082,-1.6249804496765137,-0.9649804830551147,-0.9449804425239563,-1.4349805116653442,-1.8149805068969727,-2.234980583190918,-2.6949803829193115,-3.034980535507202,-3.424980401992798,-4.084980487823486,-5.174980640411377,-4.984980583190918
0.7950195074081421,1.1550195217132568,0.9250195026397705,-0.024980468675494194,-0.8649804592132568,-1.2849804162979126,-1.694980502128601,-2.3949804306030273,-2.674980401992798,-2.664980411529541,-2.7549805641174316,-3.0149805545806885,-3.464980363845825,-3.6949803829193115,-3.7649805545806885,-3.85498046875,-4.144980430603027,-4.434980392456055,-4.434980392456055,-4.264980316162109,-4.024980545043945,-3.674980401992798,-3.2749805450439453,-3.094980478286743,-2.8749804496765137,-2.744980573654175,-2.054980516433716,-1.764980435371399,-2.1849803924560547,-2.3349804878234863,-1.6849805116653442,-1.0749804973602295,-0.7149804830551147,-0.804980456829071,-1.3249804973602295,-1.8749804496765137,-2.1349804401397705,-2.2749805450439453,-2.654980421066284,-3.594980478286743,-4.394980430603027,-5.144980430603027,-4.234980583190918
0.44501954317092896,0.89501953125,0.7850195169448853,-0.31498047709465027,-1.014980435371399,-1.3949804306030273,-1.8949804306030273,-2.2549805641174316,-2.554980516433716,-2.714980363845825,-2.8849804401397705,-3.10498046875,-3.484980583190918,-3.4549803733825684,-3.4449803829193115,-3.864980459213257,-4.294980525970459,-4.364980697631836,-4.364980697631836,-4.274980545043945,-3.794980525970459,-3.414980411529541,-3.4349803924560547,-3.344980478286743,-2.8749804496765137,-2.3349804878234863,-1.60498046875,-1.954980492591858,-2.5749804973602295,-1.7349804639816284,-0.8149804472923279,-0.9449804425239563,-0.6649804711341858,-0.8249804973602295,-1.3749804496765137,-1.7249804735183716,-1.7349804639816284,-2.2649805545806885,-3.2749805450439453,-4.13498067855835,-4.35498046875,-4.994980335235596,-4.064980506896973
0.2650195360183716,1.1550195217132568,-0.4549804627895355,-1.4349805116653442,-1.7449804544448853,-1.7249804735183716,-1.9749804735183716,-2.484980583190918,-2.60498046875,-2.744980573654175,-3.0049805641174316,-3.154980421066284,-3.364980459213257,-3.664980411529541,-3.904980421066284,-4.094980239868164,-4.164980411529541,-3.984980583190918,-3.9349803924560547,-3.8749804496765137,-3.60498046875,-3.5149805545806885,-3.534980535507202,-2.994980573654175,-2.474980354309082,-2.1449804306030273,-2.034980535507202,-2.964980363845825,-2.5749804973602295,-1.3349804878234863,-1.414980411529541,-1.544980525970459,-0.9849804639816284,-1.6149804592132568,-2.0749804973602295,-2.5749804973602295,-3.094980478286743,-3.5749804973602295,-4.38498067855835,-3.974980354309082,-4.57498025894165,-4.834980487823486,-4.814980506896973
1.1750195026397705,0.6750195026397705,-1.6149804592132568,-1.944980502128601,-2.164980411529541,-2.1249804496765137,-1.85498046875,-2.3249804973602295,-2.724980354309082,-2.904980421066284,-3.1449804306030273,-3.2049803733825684,-3.094980478286743,-3.2049803733825684,-3.7549805641174316,-3.8849804401397705,-3.9549803733825684,-3.8749804496765137,-3.5749804973602295,-3.35498046875,-3.5649805068969727,-3.6449804306030273,-3.35498046875,-2.5749804973602295,-2.2649805545806885,-2.114980459213257,-2.594980478286743,-3.3849804401397705,-2.4449803829193115,-2.234980583190918,-2.4549803733825684,-2.0149805545806885,-2.1249804496765137,-2.844980478286743,-3.094980478286743,-3.534980535507202,-4.204980373382568,-4.85498046875,-4.564980506896973,-4.464980602264404,-5.174980640411377,-5.794980525970459,-6.734980583190918
0.28501951694488525,-0.7749804854393005,-2.044980525970459,-2.6349804401397705,-2.7549805641174316,-2.864980459213257,-2.784980535507202,-2.7749805450439453,-2.8149805068969727,-3.054980516433716,-3.2749805450439453,-3.294980525970459,-3.3149805068969727,-3.3349804878234863,-3.544980525970459,-3.7049803733825684,-3.914980411529541,-3.8849804401397705,-3.804980516433716,-3.7749805450439453,-3.7049803733825684,-3.664980411529541,-3.5249805450439453,-3.034980535507202,-2.9549803733825684,-3.10498046875,-3.6849803924560547,-3.494980573654175,-2.4349803924560547,-2.734980583190918,-2.974980354309082,-2.794980525970459,-3.114980459213257,-3.914980411529541,-3.924980401992798,-4.204980373382568,-4.714980602264404,-5.204980373382568,-5.554980278015137,-6.034980297088623,-6.944980621337891,-7.234980583190918,-6.934980392456055
0.6050195097923279,-0.7549804449081421,-2.554980516433716,-2.5749804973602295,-2.7649805545806885,-3.0649805068969727,-3.114980459213257,-2.7749805450439453,-2.724980354309082,-2.904980421066284,-3.0749804973602295,-3.344980478286743,-3.3949804306030273,-3.554980516433716,-3.664980411529541,-3.6949803829193115,-3.7549805641174316,-3.664980411529541,-3.6449804306030273,-3.914980411529541,-3.904980421066284,-3.914980411529541,-4.13498067855835,-4.194980621337891,-4.254980564117432,-4.164980411529541,-4.57498025894165,-4.064980506896973,-3.0749804973602295,-3.35498046875,-3.8949804306030273,-3.6949803829193115,-4.204980373382568,-4.184980392456055,-4.254980564117432,-4.60498046875,-4.794980525970459,-5.624980449676514,-6.954980373382568,-5.934980392456055,-6.514980316162109,-6.044980525970459,-4.85498046875
0.10501953214406967,-1.2149804830551147,-3.1849803924560547,-3.4349803924560547,-3.714980363845825,-3.964980363845825,-3.8849804401397705,-2.7649805545806885,-2.224980354309082,-2.8149805068969727,-3.4349803924560547,-3.7049803733825684,-3.724980354309082,-3.6849803924560547,-3.7049803733825684,-3.3849804401397705,-2.5749804973602295,-2.494980573654175,-3.054980516433716,-3.8249804973602295,-4.334980487823486,-4.734980583190918,-5.034980297088623,-4.784980297088623,-4.464980602264404,-4.804980278015137,-5.07498025894165,-4.614980697631836,-4.404980659484863,-4.314980506896973,-4.404980659484863,-3.8749804496765137,-3.8349804878234863,-4.014980316162109,-4.13498067855835,-4.614980697631836,-4.964980602264404,-6.164980411529541,-6.834980487823486,-5.764980316162109,-5.13498067855835,-3.7549805641174316,-3.244980573654175
-0.4249804615974426,-0.7649804949760437,-3.424980401992798,-3.914980411529541,-4.874980449676514,-5.594980239868164,-5.374980449676514,-2.054980516433716,-2.6249804496765137,-3.484980583190918,-4.154980659484863,-4.364980697631836,-4.204980373382568,-3.2749805450439453,-2.0749804973602295,-1.3649804592132568,-1.4649804830551147,-0.9549804925918579,-1.504980444908142,-2.494980573654175,-3.654980421066284,-4.85498046875,-5.174980640411377,-4.914980411529541,-4.774980545043945,-4.88498067855835,-5.404980659484863,-5.264980316162109,-5.874980449676514,-6.034980297088623,-5.60498046875,-4.614980697631836,-3.0649805068969727,-3.8849804401397705,-4.594980239868164,-4.794980525970459,-5.194980621337891,-6.304980278015137,-6.394980430603027,-6.234980583190918,-5.084980487823486,-3.0749804973602295,-2.4449803829193115
-0.8149804472923279,-0.39498046040534973,-2.724980354309082,-3.734980583190918,-4.804980278015137,-5.754980564117432,-4.294980525970459,-0.7849804759025574,-1.9049804210662842,-4.834980487823486,-5.524980545043945,-5.034980297088623,-3.4349803924560547,-1.5549805164337158,-1.4249805212020874,-2.2049803733825684,-2.7749805450439453,-2.0749804973602295,-1.9049804210662842,-1.9949804544448853,-2.544980525970459,-3.794980525970459,-4.63498067855835,-4.654980659484863,-4.664980411529541,-4.924980640411377,-6.114980697631836,-6.184980392456055,-6.734980583190918,-7.424980640411377,-6.484980583190918,-4.674980640411377,-2.984980583190918,-3.7549805641174316,-4.994980335235596,-5.174980640411377,-5.544980525970459,-6.164980411529541,-6.504980564117432,-6.35498046875,-5.38498067855835,-3.1249804496765137,-2.654980421066284
-0.2949804663658142,-0.17498046159744263,-1.2349804639816284,-3.0249805450439453,-4.474980354309082,-5.684980392456055,-4.154980659484863,0.6150195598602295,-2.034980535507202,-6.07498025894165,-6.214980602264404,-4.984980583190918,-2.964980363845825,-2.724980354309082,-3.424980401992798,-3.994980573654175,-3.6349804401397705,-2.744980573654175,-2.2749805450439453,-1.7749804258346558,-2.0749804973602295,-2.904980421066284,-4.034980297088623,-4.244980335235596,-4.514980316162109,-5.154980659484863,-6.164980411529541,-7.054980278015137,-7.394980430603027,-8.024980545043945,-7.314980506896973,-5.254980564117432,-3.8249804973602295,-3.424980401992798,-4.064980506896973,-4.484980583190918,-4.944980621337891,-5.304980278015137,-5.814980506896973,-5.774980545043945,-5.114980697631836,-3.2049803733825684,-2.9549803733825684
-0.10498046875,-0.40498048067092896,-0.5049804449081421,-1.8149805068969727,-4.184980392456055,-5.934980392456055,-4.864980697631836,0.7450195550918579,-4.124980449676514,-6.934980392456055,-6.004980564117432,-5.274980545043945,-4.374980449676514,-4.394980430603027,-4.974980354309082,-4.954980373382568,-3.8849804401397705,-2.714980363845825,-2.2649805545806885,-1.6149804592132568,-1.4849804639816284,-2.364980459213257,-3.7549805641174316,-4.584980487823486,-4.914980411529541,-5.504980564117432,-6.044980525970459,-6.85498046875,-7.894980430603027,-8.154980659484863,-7.454980373382568,-6.82498025894165,-5.974980354309082,-3.8749804496765137,-4.224980354309082,-4.594980239868164,-4.674980640411377,-4.834980487823486,-6.084980487823486,-5.57498025894165,-4.764980316162109,-3.4349803924560547,-3.404980421066284
