Chrome_Extension/data/gfs_velocity_900mb.json
{"header": { "discipline": 0, "disciplineName": "Meteorological products", "parameterCategory": 2, "parameterCategoryName": "Momentum", "parameterNumber": 3, "parameterNumberName": "V-component_of_wind", "parameterUnit": "m.s-1", "forecastTime": 1, "refTime": "2021-03-21 06:00:00", "surface1Type": 100, "surface1TypeName": "Isobaric surface", "surface1Value": 900, "gridDefinition": "Latitude_Longitude", "nx": 280, "ny": 200, "lo1": -140.0, "la1": 65.0, "lo2": -70.25, "la2": 15.25, "dx": 0.25, "dy": 0.25, "unit": "m/s" }, "data":
[rows 114 to 132 of 200, columns 0 to 42 of 280]
-0.40498048067092896,-0.6449804902076721,-0.6749804615974426,-0.7649804949760437,-1.35498046875,-1.8249804973602295,-1.9849804639816284,-2.344980478286743,-2.4549803733825684,-2.3949804306030273,-2.8749804496765137,-3.1449804306030273,-3.4449803829193115,-3.8149805068969727,-4.194980621337891,-4.164980411529541,-4.774980545043945,-4.814980506896973,-4.524980545043945,-4.174980640411377,-4.13498067855835,-3.85498046875,-3.364980459213257,-3.2549805641174316,-3.5849804878234863,-3.784980535507202,-4.054980278015137,-4.474980354309082,-4.60498046875,-4.85498046875,-5.07498025894165,-4.974980354309082,-5.164980411529541,-5.404980659484863,-5.85498046875,-6.644980430603027,-6.464980602264404,-6.214980602264404,-6.904980659484863,-7.224980354309082,-7.024980545043945,-7.114980697631836,-7.484980583190918
-0.5449804663658142,-0.9849804639816284,-1.3849804401397705,-1.7749804258346558,-2.0049805641174316,-2.044980525970459,-2.3149805068969727,-2.6449804306030273,-2.3949804306030273,-2.6449804306030273,-3.094980478286743,-3.2749805450439453,-3.35498046875,-3.6349804401397705,-3.6849803924560547,-3.114980459213257,-3.794980525970459,-4.594980239868164,-4.434980392456055,-4.564980506896973,-4.684980392456055,-4.154980659484863,-3.794980525970459,-4.13498067855835,-4.764980316162109,-4.964980602264404,-4.774980545043945,-4.704980373382568,-5.124980449676514,-5.784980297088623,-5.784980297088623,-5.504980564117432,-5.624980449676514,-5.724980354309082,-6.154980659484863,-6.864980697631836,-6.414980411529541,-6.614980697631836,-7.07498025894165,-7.154980659484863,-6.894980430603027,-7.334980487823486,-7.744980335235596
-1.0949804782867432,-1.3049805164337158,-1.5649805068969727,-1.85498046875,-2.0749804973602295,-2.2549805641174316,-2.474980354309082,-2.6349804401397705,-2.784980535507202,-2.924980401992798,-3.1349804401397705,-3.3749804496765137,-3.424980401992798,-3.724980354309082,-3.174980401992798,-2.964980363845825,-2.994980573654175,-3.10498046875,-4.35498046875,-4.724980354309082,-4.63498067855835,-4.444980621337891,-3.734980583190918,-4.13498067855835,-4.654980659484863,-4.664980411529541,-4.734980583190918,-5.004980564117432,-5.184980392456055,-5.194980621337891,-5.244980335235596,-5.254980564117432,-5.294980525970459,-5.244980335235596,-5.584980487823486,-6.164980411529541,-6.264980316162109,-6.364980697631836,-6.584980487823486,-6.514980316162109,-6.594980239868164,-6.904980659484863,-6.984980583190918
-1.5649805068969727,-1.9849804639816284,-2.3349804878234863,-2.5749804973602295,-2.784980535507202,-2.85498046875,-3.034980535507202,-3.2749805450439453,-3.3249804973602295,-3.234980583190918,-3.5649805068969727,-4.10498046875,-3.5749804973602295,-3.414980411529541,-3.964980363845825,-4.054980278015137,-3.7649805545806885,-3.784980535507202,-4.164980411529541,-4.584980487823486,-4.964980602264404,-4.314980506896973,-3.35498046875,-3.784980535507202,-4.274980545043945,-4.394980430603027,-4.704980373382568,-4.794980525970459,-4.584980487823486,-4.794980525970459,-4.904980659484863,-4.914980411529541,-5.004980564117432,-4.954980373382568,-5.204980373382568,-5.734980583190918,-6.244980335235596,-6.464980602264404,-6.564980506896973,-6.554980278015137,-6.38498067855835,-6.194980621337891,-6.154980659484863
-1.9949804544448853,-2.35498046875,-2.6949803829193115,-2.85498046875,-2.9349803924560547,-3.0049805641174316,-3.294980525970459,-3.5749804973602295,-3.6349804401397705,-3.6449804306030273,-3.964980363845825,-4.10498046875,-3.214980363845825,-3.6349804401397705,-4.164980411529541,-4.344980239868164,-4.254980564117432,-4.024980545043945,-3.964980363845825,-4.694980621337891,-5.034980297088623,-4.334980487823486,-3.0749804973602295,-3.6449804306030273,-4.38498067855835,-4.584980487823486,-4.684980392456055,-4.814980506896973,-4.734980583190918,-4.724980354309082,-4.804980278015137,-5.034980297088623,-4.864980697631836,-4.504980564117432,-4.754980564117432,-5.374980449676514,-5.814980506896973,-6.034980297088623,-6.144980430603027,-6.154980659484863,-6.204980373382568,-6.264980316162109,-6.274980545043945
-2.3949804306030273,-2.7749805450439453,-3.044980525970459,-3.1349804401397705,-3.164980411529541,-3.3849804401397705,-3.594980478286743,-3.6349804401397705,-3.714980363845825,-3.904980421066284,-4.024980545043945,-3.8849804401397705,-3.554980516433716,-3.914980411529541,-4.32498025894165,-4.304980278015137,-4.154980659484863,-3.914980411529541,-3.9349803924560547,-4.364980697631836,-4.664980411529541,-4.184980392456055,-3.474980354309082,-4.114980697631836,-4.88498067855835,-4.60498046875,-4.564980506896973,-4.964980602264404,-4.764980316162109,-4.344980239868164,-4.494980335235596,-4.974980354309082,-5.014980316162109,-4.784980297088623,-5.014980316162109,-5.314980506896973,-5.344980239868164,-5.594980239868164,-5.944980621337891,-6.38498067855835,-6.664980411529541,-6.814980506896973,-6.88498067855835
-2.554980516433716,-2.6449804306030273,-2.8949804306030273,-3.034980535507202,-3.1449804306030273,-3.4549803733825684,-3.7049803733825684,-3.784980535507202,-3.7749805450439453,-3.6249804496765137,-3.6249804496765137,-3.3949804306030273,-3.6349804401397705,-3.664980411529541,-3.404980421066284,-3.1449804306030273,-3.5749804973602295,-4.244980335235596,-3.9549803733825684,-3.1349804401397705,-3.9449803829193115,-4.144980430603027,-3.8249804973602295,-4.504980564117432,-4.654980659484863,-4.524980545043945,-4.814980506896973,-4.984980583190918,-4.774980545043945,-3.924980401992798,-4.164980411529541,-4.82498025894165,-5.194980621337891,-5.274980545043945,-5.364980697631836,-5.404980659484863,-5.694980621337891,-5.734980583190918,-5.704980373382568,-5.88498067855835,-6.144980430603027,-6.32498025894165,-6.674980640411377
-2.734980583190918,-2.85498046875,-3.044980525970459,-3.1949803829193115,-3.3149805068969727,-3.544980525970459,-3.7049803733825684,-4.07498025894165,-4.424980640411377,-4.194980621337891,-3.8249804973602295,-3.5149805545806885,-3.5649805068969727,-4.084980487823486,-3.734980583190918,-3.724980354309082,-3.734980583190918,-3.6949803829193115,-3.1249804496765137,-2.304980516433716,-3.0649805068969727,-4.394980430603027,-4.154980659484863,-4.13498067855835,-4.024980545043945,-4.114980697631836,-4.13498067855835,-4.734980583190918,-4.524980545043945,-4.174980640411377,-4.07498025894165,-4.534980297088623,-4.82498025894165,-4.85498046875,-4.874980449676514,-4.974980354309082,-5.394980430603027,-5.814980506896973,-6.154980659484863,-6.364980697631836,-6.504980564117432,-6.434980392456055,-6.404980659484863
-2.5149805545806885,-2.6249804496765137,-2.864980459213257,-3.2549805641174316,-3.724980354309082,-3.974980354309082,-4.114980697631836,-4.144980430603027,-4.284980297088623,-4.304980278015137,-4.054980278015137,-4.014980316162109,-4.024980545043945,-4.184980392456055,-4.294980525970459,-3.3849804401397705,-3.2549805641174316,-3.304980516433716,-3.034980535507202,-2.7549805641174316,-3.494980573654175,-4.514980316162109,-4.07498025894165,-3.804980516433716,-4.184980392456055,-3.994980573654175,-3.6449804306030273,-4.344980239868164,-3.9449803829193115,-4.064980506896973,-4.194980621337891,-4.724980354309082,-4.684980392456055,-4.654980659484863,-4.764980316162109,-4.934980392456055,-5.274980545043945,-5.57498025894165,-5.85498046875,-6.214980602264404,-6.454980373382568,-6.534980297088623,-6.554980278015137
-2.6249804496765137,-2.594980478286743,-2.8349804878234863,-3.054980516433716,-3.4449803829193115,-3.594980478286743,-3.484980583190918,-2.9349803924560547,-3.044980525970459,-3.714980363845825,-4.444980621337891,-4.35498046875,-4.154980659484863,-4.154980659484863,-3.9449803829193115,-3.164980411529541,-3.534980535507202,-3.914980411529541,-4.064980506896973,-3.994980573654175,-4.174980640411377,-4.464980602264404,-4.374980449676514,-4.304980278015137,-4.444980621337891,-4.544980525970459,-4.434980392456055,-4.204980373382568,-4.264980316162109,-3.974980354309082,-4.024980545043945,-4.334980487823486,-4.204980373382568,-4.054980278015137,-4.374980449676514,-4.864980697631836,-5.064980506896973,-5.444980621337891,-5.814980506896973,-6.094980239868164,-6.204980373382568,-6.424980640411377,-6.744980335235596
-2.7649805545806885,-2.8149805068969727,-3.0849804878234863,-3.244980573654175,-3.10498046875,-3.214980363845825,-3.2549805641174316,-3.174980401992798,-3.0849804878234863,-3.714980363845825,-3.594980478286743,-3.6849803924560547,-3.8349804878234863,-3.7549805641174316,-3.2549805641174316,-3.3749804496765137,-3.6449804306030273,-4.204980373382568,-4.644980430603027,-4.484980583190918,-4.124980449676514,-4.254980564117432,-4.524980545043945,-4.594980239868164,-4.60498046875,-4.504980564117432,-4.424980640411377,-4.60498046875,-4.684980392456055,-4.534980297088623,-4.464980602264404,-4.414980411529541,-4.32498025894165,-4.234980583190918,-4.154980659484863,-4.334980487823486,-5.154980659484863,-5.614980697631836,-5.544980525970459,-5.834980487823486,-6.194980621337891,-6.174980640411377,-6.444980621337891
-3.0649805068969727,-3.114980459213257,-3.2649805545806885,-3.544980525970459,-3.8249804973602295,-3.994980573654175,-4.034980297088623,-3.8149805068969727,-3.7749805450439453,-3.6849803924560547,-3.674980401992798,-3.9349803924560547,-3.5649805068969727,-3.5749804973602295,-3.964980363845825,-3.8149805068969727,-3.8149805068969727,-4.194980621337891,-4.114980697631836,-4.374980449676514,-4.514980316162109,-4.484980583190918,-4.234980583190918,-4.374980449676514,-4.534980297088623,-4.544980525970459,-4.614980697631836,-4.834980487823486,-4.594980239868164,-4.184980392456055,-4.214980602264404,-4.304980278015137,-4.584980487823486,-4.794980525970459,-4.814980506896973,-5.10498046875,-5.494980335235596,-5.664980411529541,-5.764980316162109,-5.704980373382568,-5.954980373382568,-6.094980239868164,-6.214980602264404
-3.2749805450439453,-3.2749805450439453,-3.404980421066284,-3.6849803924560547,-4.07498025894165,-4.294980525970459,-4.024980545043945,-3.8949804306030273,-3.864980459213257,-3.984980583190918,-4.334980487823486,-4.394980430603027,-4.404980659484863,-4.544980525970459,-4.484980583190918,-4.07498025894165,-3.9449803829193115,-4.154980659484863,-4.124980449676514,-4.414980411529541,-4.424980640411377,-3.904980421066284,-4.304980278015137,-4.404980659484863,-4.554980278015137,-4.834980487823486,-4.784980297088623,-4.544980525970459,-3.8249804973602295,-3.3149805068969727,-3.494980573654175,-3.8149805068969727,-4.364980697631836,-4.904980659484863,-5.234980583190918,-5.814980506896973,-6.034980297088623,-5.744980335235596,-5.234980583190918,-5.284980297088623,-5.934980392456055,-5.924980640411377,-5.984980583190918
-2.844980478286743,-3.2749805450439453,-3.5749804973602295,-3.6849803924560547,-4.054980278015137,-4.264980316162109,-4.144980430603027,-4.204980373382568,-4.374980449676514,-4.514980316162109,-4.644980430603027,-4.764980316162109,-4.684980392456055,-4.344980239868164,-4.404980659484863,-4.264980316162109,-4.224980354309082,-4.214980602264404,-4.474980354309082,-4.594980239868164,-4.204980373382568,-4.394980430603027,-4.414980411529541,-3.8749804496765137,-4.07498025894165,-4.144980430603027,-4.174980640411377,-3.994980573654175,-3.5749804973602295,-3.294980525970459,-3.414980411529541,-3.6449804306030273,-4.024980545043945,-4.244980335235596,-4.844980239868164,-5.454980373382568,-5.624980449676514,-5.304980278015137,-5.014980316162109,-5.434980392456055,-5.684980392456055,-5.834980487823486,-6.274980545043945
-2.464980363845825,-2.714980363845825,-2.914980411529541,-3.3849804401397705,-3.844980478286743,-4.044980525970459,-4.57498025894165,-4.714980602264404,-4.694980621337891,-4.514980316162109,-4.584980487823486,-4.88498067855835,-4.784980297088623,-4.494980335235596,-4.674980640411377,-4.834980487823486,-4.82498025894165,-4.774980545043945,-5.174980640411377,-5.304980278015137,-4.63498067855835,-4.654980659484863,-4.82498025894165,-4.424980640411377,-4.85498046875,-4.974980354309082,-4.774980545043945,-4.664980411529541,-4.85498046875,-4.874980449676514,-5.094980239868164,-5.124980449676514,-4.834980487823486,-4.814980506896973,-4.964980602264404,-5.224980354309082,-5.374980449676514,-5.454980373382568,-5.644980430603027,-5.714980602264404,-5.584980487823486,-5.594980239868164,-6.164980411529541
-3.35498046875,-3.3249804973602295,-3.0249805450439453,-3.0849804878234863,-3.5649805068969727,-4.064980506896973,-4.314980506896973,-4.35498046875,-4.734980583190918,-4.994980335235596,-5.154980659484863,-5.344980239868164,-5.214980602264404,-5.314980506896973,-4.774980545043945,-4.374980449676514,-4.684980392456055,-4.954980373382568,-5.244980335235596,-4.524980545043945,-4.114980697631836,-4.244980335235596,-4.814980506896973,-5.234980583190918,-5.544980525970459,-5.014980316162109,-5.144980430603027,-4.994980335235596,-4.964980602264404,-4.904980659484863,-5.374980449676514,-5.204980373382568,-4.904980659484863,-5.004980564117432,-5.054980278015137,-5.304980278015137,-5.454980373382568,-5.644980430603027,-5.474980354309082,-5.114980697631836,-5.624980449676514,-5.754980564117432,-5.694980621337891
-3.214980363845825,-3.7649805545806885,-3.8749804496765137,-3.464980363845825,-3.4549803733825684,-3.614980459213257,-3.864980459213257,-4.174980640411377,-4.57498025894165,-4.82498025894165,-4.734980583190918,-5.154980659484863,-5.35498046875,-4.774980545043945,-4.35498046875,-4.464980602264404,-4.394980430603027,-4.534980297088623,-4.724980354309082,-4.714980602264404,-4.554980278015137,-4.724980354309082,-5.194980621337891,-5.534980297088623,-5.674980640411377,-5.404980659484863,-5.284980297088623,-5.304980278015137,-4.844980239868164,-4.724980354309082,-5.194980621337891,-5.174980640411377,-4.914980411529541,-5.154980659484863,-5.484980583190918,-5.804980278015137,-5.794980525970459,-5.504980564117432,-5.494980335235596,-5.924980640411377,-6.044980525970459,-5.874980449676514,-5.924980640411377
-1.764980435371399,-2.3349804878234863,-2.914980411529541,-2.8949804306030273,-3.0649805068969727,-3.364980459213257,-3.8349804878234863,-4.294980525970459,-4.164980411529541,-3.914980411529541,-4.264980316162109,-4.464980602264404,-4.054980278015137,-4.004980564117432,-4.294980525970459,-4.57498025894165,-4.914980411529541,-5.424980640411377,-5.274980545043945,-4.964980602264404,-4.904980659484863,-5.274980545043945,-5.664980411529541,-5.644980430603027,-5.374980449676514,-5.38498067855835,-5.504980564117432,-4.804980278015137,-4.504980564117432,-5.174980640411377,-5.704980373382568,-5.304980278015137,-5.044980525970459,-5.504980564117432,-5.444980621337891,-5.914980411529541,-6.194980621337891,-6.234980583190918,-6.374980449676514,-6.784980297088623,-5.85498046875,-6.254980564117432,-6.784980297088623
-1.264980435371399,-1.8349804878234863,-2.054980516433716,-2.3849804401397705,-2.794980525970459,-3.5749804973602295,-4.344980239868164,-4.194980621337891,-3.5849804878234863,-3.6449804306030273,-3.5249805450439453,-3.294980525970459,-3.3849804401397705,-3.654980421066284,-3.8849804401397705,-4.214980602264404,-4.744980335235596,-5.184980392456055,-5.294980525970459,-5.164980411529541,-5.284980297088623,-5.814980506896973,-5.82498025894165,-5.274980545043945,-5.394980430603027,-5.654980659484863,-5.314980506896973,-4.544980525970459,-5.154980659484863,-5.684980392456055,-4.784980297088623,-4.38498067855835,-4.944980621337891,-5.13498067855835,-5.444980621337891,-5.894980430603027,-6.214980602264404,-6.32498025894165,-6.524980545043945,-6.684980392456055,-6.434980392456055,-6.644980430603027,-7.024980545043945
