Chrome_Extension/data/gfs_velocity_900mb.json
{"header": { "discipline": 0, "disciplineName": "Meteorological products", "parameterCategory": 2, "parameterCategoryName": "Momentum", "parameterNumber": 2, "parameterNumberName": "U-component_of_wind", "parameterUnit": "m.s-1", "forecastTime": 1, "refTime": "2021-03-21 06:00:00", "surface1Type": 100, "surface1TypeName": "Isobaric surface", "surface1Value": 900, "gridDefinition": "Latitude_Longitude", "nx": 280, "ny": 200, "lo1": -140.0, "la1": 65.0, "lo2": -70.25, "la2": 15.25, "dx": 0.25, "dy": 0.25, "unit": "m/s" }, "data":
[rows 76 to 94 of 200, columns 0 to 42 of 280]
22.475112915039062,22.6151123046875,22.855112075805664,23.255111694335938,23.465112686157227,23.325111389160156,22.695112228393555,21.765111923217773,21.065113067626953,20.755111694335938,20.815113067626953,20.915111541748047,20.575111389160156,20.125112533569336,20.075111389160156,20.105112075805664,19.725112915039062,19.055112838745117,18.465112686157227,18.095111846923828,17.425111770629883,16.535112380981445,16.52511215209961,16.43511199951172,15.795112609863281,15.245112419128418,14.845111846923828,14.6751127243042,14.345111846923828,13.8051118850708,13.545112609863281,13.1751127243042,12.915112495422363,12.95511245727539,12.565112113952637,11.70511245727539,11.27511215209961,11.325112342834473,11.185111999511719,10.52511215209961,9.745112419128418,9.375112533569336,9.3651123046875
22.475112915039062,22.505111694335938,22.065113067626953,21.93511199951172,21.8651123046875,21.3651123046875,20.45511245727539,19.855112075805664,19.9951114654541,20.155113220214844,20.135112762451172,20.04511260986328,19.8651123046875,19.755111694335938,19.845111846923828,19.6151123046875,18.875112533569336,18.195112228393555,17.765111923217773,17.415111541748047,16.475112915039062,15.785112380981445,15.965112686157227,15.655112266540527,15.105112075805664,14.6751127243042,14.3651123046875,14.1751127243042,13.975111961364746,13.745112419128418,13.405112266540527,12.965112686157227,12.695112228393555,12.605112075805664,12.0551118850708,11.45511245727539,11.345111846923828,11.255112648010254,10.845111846923828,10.335112571716309,9.875112533569336,9.3051118850708,9.015111923217773
20.305112838745117,20.335111618041992,20.655113220214844,20.875112533569336,20.43511199951172,19.6151123046875,19.055112838745117,19.385112762451172,19.825111389160156,19.565113067626953,19.225112915039062,19.215112686157227,19.285112380981445,19.385112762451172,19.27511215209961,18.695112228393555,18.085111618041992,17.665111541748047,17.165111541748047,16.27511215209961,15.225111961364746,15.215112686157227,15.395112037658691,14.6751127243042,14.235112190246582,14.02511215209961,13.77511215209961,13.6151123046875,13.625112533569336,13.495112419128418,13.165112495422363,12.695112228393555,12.375112533569336,12.165112495422363,11.695112228393555,11.165112495422363,10.935111999511719,10.605112075805664,10.295112609863281,10.075112342834473,9.695112228393555,8.975111961364746,8.385112762451172
18.895112991333008,19.465112686157227,20.18511199951172,20.27511215209961,19.635112762451172,19.035112380981445,18.825111389160156,19.195112228393555,19.395112991333008,18.715112686157227,18.27511215209961,18.535112380981445,18.805112838745117,18.77511215209961,18.315113067626953,17.77511215209961,17.385112762451172,16.93511199951172,16.27511215209961,15.545112609863281,15.0551118850708,14.655112266540527,14.165112495422363,13.825112342834473,13.655112266540527,13.435111999511719,13.105112075805664,12.875112533569336,12.8651123046875,13.02511215209961,12.825112342834473,12.295112609863281,11.995112419128418,11.605112075805664,10.985112190246582,10.545112609863281,10.295112609863281,10.075112342834473,10.035112380981445,10.0551118850708,9.70511245727539,8.825112342834473,7.985112190246582
18.715112686157227,19.29511260986328,19.785112380981445,19.4851131439209,18.9851131439209,18.835111618041992,18.695112228393555,18.45511245727539,18.265111923217773,17.945112228393555,17.825111389160156,18.035112380981445,17.9951114654541,17.585111618041992,17.20511245727539,16.93511199951172,16.555112838745117,16.035112380981445,15.665112495422363,15.3051118850708,14.465112686157227,13.575112342834473,13.045112609863281,12.915112495422363,12.6751127243042,12.565112113952637,12.625112533569336,12.6151123046875,12.6151123046875,12.52511215209961,12.225111961364746,11.825112342834473,11.565112113952637,11.1151123046875,10.415112495422363,9.965112686157227,9.855112075805664,9.915112495422363,9.905112266540527,9.685111999511719,9.185111999511719,8.735112190246582,8.385112762451172
18.515111923217773,18.95511245727539,19.02511215209961,18.77511215209961,18.605112075805664,18.43511199951172,17.975112915039062,17.715112686157227,17.7451114654541,17.6151123046875,17.345111846923828,17.075111389160156,16.785112380981445,16.515111923217773,16.27511215209961,15.965112686157227,15.645112037658691,15.295112609863281,14.895112037658691,14.155112266540527,13.385112762451172,12.945112228393555,12.385112762451172,12.02511215209961,11.845111846923828,11.935111999511719,12.325112342834473,12.475111961364746,12.415112495422363,12.105112075805664,11.5551118850708,11.265111923217773,11.1151123046875,10.545112609863281,9.9251127243042,9.70511245727539,9.8651123046875,10.005112648010254,9.885112762451172,9.465112686157227,8.825112342834473,8.505112648010254,8.3651123046875
18.225112915039062,18.345111846923828,18.165111541748047,17.95511245727539,17.7451114654541,17.445112228393555,17.315113067626953,17.405113220214844,17.27511215209961,16.805112838745117,16.305112838745117,15.965112686157227,15.835112571716309,15.665112495422363,15.325112342834473,15.035112380981445,14.70511245727539,14.185111999511719,13.545112609863281,12.9251127243042,12.465112686157227,12.20511245727539,11.715112686157227,11.45511245727539,11.545112609863281,11.695112228393555,11.885112762451172,11.785112380981445,11.535112380981445,11.405112266540527,11.135112762451172,10.95511245727539,10.52511215209961,9.725111961364746,9.335112571716309,9.515111923217773,9.725111961364746,9.585112571716309,9.45511245727539,9.255112648010254,8.745112419128418,8.255112648010254,7.83511209487915
17.4851131439209,17.385112762451172,17.145112991333008,16.93511199951172,16.855112075805664,16.93511199951172,16.895112991333008,16.555112838745117,16.02511215209961,15.5551118850708,15.245112419128418,15.095111846923828,14.985112190246582,14.77511215209961,14.375112533569336,13.945112228393555,13.645112037658691,13.20511245727539,12.575112342834473,12.035112380981445,11.95511245727539,11.795112609863281,11.315112113952637,11.375112533569336,11.635112762451172,11.605112075805664,11.215112686157227,10.77511215209961,10.665112495422363,10.665112495422363,10.635112762451172,10.45511245727539,9.77511215209961,8.8651123046875,8.745112419128418,9.20511245727539,9.355112075805664,9.035112380981445,8.655112266540527,8.45511245727539,8.405112266540527,8.0551118850708,7.695112228393555
16.415111541748047,16.135112762451172,16.075111389160156,16.18511199951172,16.29511260986328,16.18511199951172,15.735112190246582,15.1751127243042,14.785112380981445,14.505112648010254,14.235112190246582,14.165112495422363,14.075112342834473,13.815112113952637,13.435111999511719,13.045112609863281,12.70511245727539,12.235112190246582,11.905112266540527,12.035112380981445,11.8651123046875,11.395112037658691,11.145112037658691,11.27511215209961,11.52511215209961,11.195112228393555,10.545112609863281,10.325112342834473,10.295112609863281,10.245112419128418,10.095111846923828,9.725111961364746,9.095111846923828,8.495112419128418,8.635112762451172,9.045112609863281,8.935111999511719,8.545112609863281,8.255112648010254,8.295112609863281,8.185111999511719,7.805112361907959,7.605112075805664
15.495112419128418,15.535112380981445,15.595111846923828,15.475111961364746,15.235112190246582,14.95511245727539,14.45511245727539,13.945112228393555,13.6751127243042,13.535112380981445,13.395112037658691,13.285112380981445,13.085112571716309,12.8651123046875,12.52511215209961,12.02511215209961,11.715112686157227,11.745112419128418,11.785112380981445,11.445112228393555,11.005112648010254,10.905112266540527,10.985112190246582,10.995112419128418,10.875112533569336,10.5551118850708,10.095111846923828,9.845111846923828,9.765111923217773,9.745112419128418,9.605112075805664,9.095111846923828,8.415112495422363,8.235112190246582,8.575112342834473,8.645112037658691,8.295112609863281,8.125112533569336,8.20511245727539,8.195112228393555,7.845112323760986,7.33511209487915,7.015112400054932
15.005112648010254,14.875112533569336,14.565112113952637,14.255112648010254,14.075112342834473,13.835112571716309,13.435111999511719,13.1151123046875,12.895112037658691,12.725111961364746,12.52511215209961,12.395112037658691,12.245112419128418,11.945112228393555,11.575112342834473,11.335112571716309,11.125112533569336,10.875112533569336,10.745112419128418,10.755112648010254,10.715112686157227,10.535112380981445,10.27511215209961,10.135112762451172,10.065112113952637,10.035112380981445,9.745112419128418,9.285112380981445,8.815112113952637,8.605112075805664,8.505112648010254,8.385112762451172,8.3051118850708,8.165112495422363,7.965112209320068,7.83511209487915,7.815112113952637,7.825112342834473,7.665112495422363,7.375112533569336,6.935112476348877,6.565112113952637,6.285112380981445
13.885112762451172,13.505112648010254,13.285112380981445,13.165112495422363,13.065112113952637,12.895112037658691,12.625112533569336,12.345111846923828,12.125112533569336,11.945112228393555,11.825112342834473,11.595111846923828,11.255112648010254,11.005112648010254,10.825112342834473,10.495112419128418,10.125112533569336,10.065112113952637,10.195112228393555,10.225111961364746,9.975111961364746,9.575112342834473,9.3651123046875,9.345111846923828,9.3651123046875,9.415112495422363,9.285112380981445,8.665112495422363,7.83511209487915,7.58511209487915,7.825112342834473,8.085112571716309,7.925112247467041,7.155112266540527,6.765112400054932,7.045112133026123,7.595112323760986,7.845112323760986,7.425112247467041,6.665112495422363,6.175112247467041,5.935112476348877,5.735112190246582
12.645112037658691,12.495112419128418,12.395112037658691,12.285112380981445,12.265111923217773,12.165112495422363,11.8651123046875,11.5551118850708,11.285112380981445,11.085112571716309,10.905112266540527,10.5551118850708,10.3051118850708,10.145112037658691,9.945112228393555,9.6751127243042,9.465112686157227,9.595111846923828,9.655112266540527,9.245112419128418,8.815112113952637,8.845111846923828,8.875112533569336,8.755112648010254,8.715112686157227,8.785112380981445,8.685111999511719,8.215112686157227,7.735112190246582,7.675112247467041,7.695112228393555,7.385112285614014,6.785112380981445,6.275112152099609,6.205112457275391,6.33511209487915,6.825112342834473,7.265112400054932,6.83511209487915,6.195112228393555,6.035112380981445,5.995112419128418,6.135112285614014
11.9251127243042,11.845111846923828,11.785112380981445,11.645112037658691,11.495112419128418,11.295112609863281,11.095111846923828,10.745112419128418,10.415112495422363,10.225111961364746,9.885112762451172,9.515111923217773,9.465112686157227,9.485112190246582,9.27511215209961,8.965112686157227,8.895112037658691,9.045112609863281,8.765111923217773,8.215112686157227,8.005112648010254,8.235112190246582,8.105112075805664,7.765112400054932,7.83511209487915,8.095111846923828,8.015111923217773,7.745112419128418,7.705112457275391,7.265112400054932,6.705112457275391,6.415112495422363,6.185112476348877,5.875112533569336,5.785112380981445,5.795112133026123,5.935112476348877,6.255112171173096,6.195112228393555,6.065112113952637,6.185112476348877,6.385112285614014,6.315112113952637
11.395112037658691,11.3051118850708,11.125112533569336,10.835112571716309,10.655112266540527,10.635112762451172,10.445112228393555,9.9251127243042,9.535112380981445,9.27511215209961,8.8051118850708,8.585112571716309,8.745112419128418,8.655112266540527,8.5551118850708,8.445112228393555,8.3051118850708,8.375112533569336,8.155112266540527,7.715112209320068,7.64511251449585,7.565112113952637,6.915112495422363,6.265112400054932,6.555112361907959,7.14511251449585,7.225112438201904,7.005112171173096,6.675112247467041,6.435112476348877,6.345112323760986,6.015112400054932,5.475112438201904,5.215112209320068,5.475112438201904,5.565112113952637,5.64511251449585,5.775112152099609,5.845112323760986,5.985112190246582,6.125112533569336,5.915112495422363,5.415112495422363
10.785112380981445,10.585112571716309,10.345111846923828,10.035112380981445,9.755112648010254,9.725111961364746,9.70511245727539,9.285112380981445,8.905112266540527,8.535112380981445,8.1751127243042,8.02511215209961,7.675112247467041,7.735112190246582,8.095111846923828,8.065112113952637,7.935112476348877,8.035112380981445,7.875112533569336,7.525112152099609,7.3651123046875,7.08511209487915,6.445112228393555,5.485112190246582,5.135112285614014,5.625112533569336,5.915112495422363,5.995112419128418,6.135112285614014,6.175112247467041,5.805112361907959,5.135112285614014,4.955112457275391,5.165112495422363,5.075112342834473,4.845112323760986,5.005112171173096,4.955112457275391,4.785112380981445,4.855112075805664,5.095112323760986,4.785112380981445,4.455112457275391
9.945112228393555,9.745112419128418,9.475111961364746,9.20511245727539,8.9251127243042,8.895112037658691,8.95511245727539,8.735112190246582,8.575112342834473,8.245112419128418,7.445112228393555,7.08511209487915,7.065112113952637,7.1151123046875,7.385112285614014,7.39511251449585,7.425112247467041,7.425112247467041,7.255112171173096,7.095112323760986,7.025112152099609,6.705112457275391,6.045112133026123,5.235112190246582,4.245112419128418,3.995112419128418,4.775112152099609,5.465112209320068,5.665112495422363,5.345112323760986,4.915112495422363,4.885112285614014,5.105112075805664,5.08511209487915,4.765112400054932,4.375112533569336,3.935112237930298,3.5951123237609863,3.475112199783325,3.3251123428344727,3.165112257003784,3.5151124000549316,3.475112199783325
9.02511215209961,8.8051118850708,8.715112686157227,8.645112037658691,8.5551118850708,8.325112342834473,8.0551118850708,8.095111846923828,8.435111999511719,8.185111999511719,7.665112495422363,7.505112171173096,7.095112323760986,6.705112457275391,6.685112476348877,6.595112323760986,6.495112419128418,6.495112419128418,6.525112152099609,6.505112171173096,6.485112190246582,6.215112209320068,5.745112419128418,5.075112342834473,4.475112438201904,3.8851122856140137,3.8451123237609863,4.225112438201904,4.435112476348877,4.605112075805664,5.005112171173096,5.305112361907959,5.285112380981445,5.105112075805664,4.875112533569336,4.665112495422363,4.595112323760986,4.295112133026123,4.155112266540527,4.125112533569336,3.4551122188568115,2.225112199783325,1.955112338066101
8.395112037658691,8.3051118850708,8.245112419128418,8.145112037658691,7.875112533569336,7.435112476348877,7.3651123046875,7.58511209487915,7.655112266540527,7.465112209320068,7.225112438201904,6.985112190246582,6.525112152099609,5.995112419128418,6.055112361907959,6.025112152099609,5.915112495422363,5.905112266540527,5.945112228393555,5.855112075805664,5.675112247467041,5.915112495422363,5.905112266540527,5.355112075805664,5.005112171173096,4.945112228393555,4.89511251449585,5.035112380981445,5.305112361907959,5.505112171173096,5.575112342834473,5.33511209487915,4.955112457275391,4.755112171173096,4.665112495422363,4.575112342834473,4.525112152099609,4.635112285614014,4.64511251449585,4.595112323760986,4.475112438201904,3.8351123332977295,2.9051122665405273
