Chrome_Extension/data/gfs_velocity_925mb.json
{"header": { "discipline": 0, "disciplineName": "Meteorological products", "parameterCategory": 2, "parameterCategoryName": "Momentum", "parameterNumber": 2, "parameterNumberName": "U-component_of_wind", "parameterUnit": "m.s-1", "forecastTime": 1, "refTime": "2021-03-21 06:00:00", "surface1Type": 100, "surface1TypeName": "Isobaric surface", "surface1Value": 925, "gridDefinition": "Latitude_Longitude", "nx": 280, "ny": 200, "lo1": -140.0, "la1": 65.0, "lo2": -70.25, "la2": 15.25, "dx": 0.25, "dy": 0.25, "unit": "m/s" }, "data":
[rows 76 to 94 of 200, columns 43 to 85 of 280]
8.945304870605469,8.445304870605469,8.195304870605469,8.175305366516113,8.085305213928223,7.695305347442627,7.195305347442627,7.005305290222168,6.815305233001709,6.715305328369141,6.775305271148682,6.915305137634277,6.895305156707764,6.675305366516113,6.5953049659729,6.675305366516113,6.665305137634277,6.535305023193359,6.275305271148682,6.015305042266846,6.115304946899414,6.525305271148682,7.545305252075195,8.31530475616455,8.025304794311523,7.145305156707764,6.785305023193359,7.605305194854736,5.885305404663086,3.1553051471710205,3.5253052711486816,4.615304946899414,9.655304908752441,5.165305137634277,4.325304985046387,5.0953049659729,9.635305404663086,12.12530517578125,10.175305366516113,13.195304870605469,15.325304985046387,16.115304946899414,16.675304412841797
8.475305557250977,8.235304832458496,8.06530475616455,7.895305156707764,7.695305347442627,7.545305252075195,7.295305252075195,7.145305156707764,7.115304946899414,6.995305061340332,6.925305366516113,6.975305080413818,6.855305194854736,6.695305347442627,6.645305156707764,6.645305156707764,6.635305404663086,6.455305099487305,6.045305252075195,5.605305194854736,5.455305099487305,5.825304985046387,7.195305347442627,8.505305290222168,7.445305347442627,6.695305347442627,6.185305118560791,7.065305233001709,7.535305023193359,8.655304908752441,10.885305404663086,15.175305366516113,16.225305557250977,18.545305252075195,19.815305709838867,19.24530601501465,20.025304794311523,23.585304260253906,23.135305404663086,22.645305633544922,22.115304946899414,20.62530517578125,17.87530517578125
7.985305309295654,7.985305309295654,7.785305023193359,7.355305194854736,7.045305252075195,6.935305118560791,6.8453049659729,6.755305290222168,6.685305118560791,6.745305061340332,6.805305004119873,6.735305309295654,6.505305290222168,6.4053053855896,6.355305194854736,6.1553053855896,5.9053053855896,5.585305213928223,5.275305271148682,5.065305233001709,5.275305271148682,5.6553053855896,6.855305194854736,8.525304794311523,7.715305328369141,6.935305118560791,6.37530517578125,6.325304985046387,6.785305023193359,5.395305156707764,3.6553051471710205,3.62530517578125,7.87530517578125,11.195304870605469,14.595305442810059,16.295305252075195,15.995305061340332,16.28530502319336,15.235304832458496,14.645305633544922,14.445304870605469,14.87530517578125,11.175305366516113
7.775305271148682,7.705305099487305,7.455305099487305,7.195305347442627,6.985305309295654,6.475305080413818,5.975305080413818,5.995305061340332,6.275305271148682,6.435305118560791,6.575304985046387,6.535305023193359,6.205305099487305,5.885305404663086,5.775305271148682,5.525305271148682,5.025305271148682,4.835305213928223,5.035305023193359,5.175305366516113,5.275305271148682,5.545305252075195,6.795305252075195,7.62530517578125,7.0953049659729,6.865304946899414,6.075304985046387,5.505305290222168,5.665305137634277,3.3553051948547363,5.215305328369141,5.015305042266846,6.065305233001709,6.835305213928223,9.265305519104004,11.325304985046387,9.415305137634277,10.56530475616455,8.62530517578125,7.385305404663086,7.065305233001709,2.7953052520751953,2.5853052139282227
8.06530475616455,7.805305004119873,7.475305080413818,7.145305156707764,6.795305252075195,6.205305099487305,5.5953049659729,5.645305156707764,5.955305099487305,6.105305194854736,6.185305118560791,6.065305233001709,5.685305118560791,5.415305137634277,5.3453049659729,4.9053053855896,4.275305271148682,4.025305271148682,4.1553053855896,4.245305061340332,4.185305118560791,4.515305042266846,5.735305309295654,6.145305156707764,5.825304985046387,5.5953049659729,5.12530517578125,4.235305309295654,2.325305223464966,2.675305128097534,5.795305252075195,6.245305061340332,8.545305252075195,6.9053053855896,8.605304718017578,7.495305061340332,4.725305080413818,5.995305061340332,5.9053053855896,4.545305252075195,3.175305128097534,1.8353052139282227,2.925305128097534
7.945305347442627,7.555305004119873,7.37530517578125,7.115304946899414,6.765305042266846,6.3453049659729,5.735305309295654,5.535305023193359,5.735305309295654,5.865304946899414,5.865304946899414,5.505305290222168,5.045305252075195,4.9053053855896,4.975305080413818,4.765305042266846,4.285305023193359,3.765305280685425,3.575305223464966,3.6453051567077637,3.945305109024048,4.335305213928223,5.935305118560791,6.1553053855896,4.945305347442627,4.105305194854736,4.255305290222168,3.2153050899505615,2.0953052043914795,2.265305280685425,3.8553051948547363,3.1553051471710205,3.6553051471710205,3.5253052711486816,3.87530517578125,3.8453052043914795,2.3453052043914795,3.0453052520751953,2.2053050994873047,2.485305070877075,3.575305223464966,3.0853052139282227,3.555305242538452
7.545305252075195,7.305305004119873,7.265305042266846,7.025305271148682,6.805305004119873,6.495305061340332,5.855305194854736,5.485305309295654,5.675305366516113,5.725305080413818,5.465305328369141,5.045305252075195,4.815305233001709,4.705305099487305,4.545305252075195,4.355305194854736,4.165305137634277,3.995305061340332,3.815305233001709,3.7253050804138184,4.1553053855896,4.305305004119873,3.945305109024048,3.8953051567077637,4.365304946899414,3.2053050994873047,3.115305185317993,3.555305242538452,2.2053050994873047,3.2753052711486816,4.525305271148682,4.395305156707764,5.1553053855896,4.245305061340332,3.5453052520751953,3.885305166244507,3.1453051567077637,2.0353052616119385,1.3853051662445068,0.4053051769733429,2.005305290222168,2.315305233001709,2.325305223464966
7.335305213928223,7.1553053855896,6.865304946899414,6.575304985046387,6.37530517578125,6.135305404663086,5.725305080413818,5.4053053855896,5.365304946899414,5.305305004119873,5.035305023193359,4.765305042266846,4.635305404663086,4.4053053855896,4.075304985046387,3.9753050804138184,4.135305404663086,4.045305252075195,3.565305233001709,3.385305166244507,3.675305128097534,3.62530517578125,3.495305061340332,3.555305242538452,2.995305061340332,2.735305070877075,3.1553051471710205,2.7053050994873047,1.5153051614761353,2.2953052520751953,3.7053050994873047,2.2953052520751953,2.2253050804138184,2.755305290222168,3.255305290222168,3.3453052043914795,3.5853052139282227,2.62530517578125,2.6553051471710205,1.87530517578125,1.9853051900863647,1.9253051280975342,2.265305280685425
7.065305233001709,6.725305080413818,6.225305080413818,5.915305137634277,5.945305347442627,6.045305252075195,5.735305309295654,5.015305042266846,4.435305118560791,4.365304946899414,4.455305099487305,4.4053053855896,4.215305328369141,3.8553051948547363,3.62530517578125,3.7153050899505615,3.5953052043914795,3.1453051567077637,2.865305185317993,3.0253052711486816,3.0453052520751953,3.4053051471710205,3.37530517578125,3.5953052043914795,3.265305280685425,3.1053051948547363,4.275305271148682,3.0453052520751953,1.6953052282333374,2.675305128097534,3.1453051567077637,3.175305128097534,4.355305194854736,3.5953052043914795,1.6153051853179932,2.825305223464966,3.565305233001709,2.6653051376342773,4.335305213928223,5.225305080413818,3.8953051567077637,2.925305128097534,2.685305118560791
6.495305061340332,6.165305137634277,6.075304985046387,5.895305156707764,5.705305099487305,5.545305252075195,5.3453049659729,4.855305194854736,4.235305309295654,4.0953049659729,4.145305156707764,4.005305290222168,3.62530517578125,3.2153050899505615,2.995305061340332,2.8353052139282227,2.565305233001709,2.305305242538452,2.2853052616119385,2.245305061340332,2.445305109024048,3.0453052520751953,3.2953052520751953,3.015305280685425,3.0453052520751953,3.3453052043914795,2.325305223464966,1.3353052139282227,1.0053051710128784,2.485305070877075,2.815305233001709,3.365305185317993,4.555305004119873,3.9653050899505615,3.4753050804138184,4.325304985046387,2.7153050899505615,3.305305242538452,4.705305099487305,4.62530517578125,4.425305366516113,3.925305128097534,4.475305080413818
5.815305233001709,5.775305271148682,5.935305118560791,5.895305156707764,5.585305213928223,5.0953049659729,4.885305404663086,4.755305290222168,4.505305290222168,4.325304985046387,4.165305137634277,3.9553050994873047,3.4753050804138184,3.0853052139282227,2.8453052043914795,2.5853052139282227,2.2853052616119385,1.9553052186965942,1.685305118560791,1.435305118560791,1.785305142402649,2.37530517578125,2.2153050899505615,2.1453051567077637,2.435305118560791,1.7453051805496216,0.8553051948547363,0.8453052043914795,1.3653051853179932,2.5953052043914795,2.2853052616119385,3.005305290222168,5.0953049659729,5.465305328369141,6.135305404663086,4.935305118560791,2.935305118560791,2.7153050899505615,4.635305404663086,5.015305042266846,5.365304946899414,5.465305328369141,5.6553053855896
5.685305118560791,5.565305233001709,5.515305042266846,5.525305271148682,5.545305252075195,5.245305061340332,4.835305213928223,4.555305004119873,4.585305213928223,4.365304946899414,3.8953051567077637,3.425305128097534,3.0853052139282227,2.87530517578125,2.6453051567077637,2.3953051567077637,2.135305166244507,1.6153051853179932,1.0553051233291626,1.0953052043914795,1.4853051900863647,1.8553051948547363,1.4853051900863647,1.5553051233291626,1.5553051233291626,1.815305233001709,0.7353051900863647,0.7953051924705505,1.6453051567077637,3.015305280685425,2.675305128097534,3.2853052616119385,3.2153050899505615,2.575305223464966,3.9753050804138184,5.215305328369141,6.275305271148682,4.935305118560791,3.695305109024048,4.12530517578125,5.835305213928223,6.775305271148682,7.055305004119873
5.785305023193359,5.535305023193359,5.365304946899414,5.305305004119873,5.235305309295654,5.065305233001709,4.885305404663086,4.685305118560791,4.205305099487305,3.4553050994873047,3.2153050899505615,2.9553050994873047,2.62530517578125,2.5253052711486816,2.365305185317993,2.005305290222168,1.6453051567077637,1.0453051328659058,0.4753051698207855,0.5053051710128784,0.35530516505241394,0.6353051662445068,1.1553051471710205,1.3653051853179932,1.275305151939392,1.065305233001709,0.20530517399311066,0.7853052020072937,1.4453052282333374,2.37530517578125,1.935305118560791,1.62530517578125,1.725305199623108,1.1553051471710205,2.1453051567077637,3.1653051376342773,4.465305328369141,5.185305118560791,6.525305271148682,5.015305042266846,4.235305309295654,4.285305023193359,3.5953052043914795
5.4053053855896,5.0953049659729,4.955305099487305,4.925305366516113,4.775305271148682,4.435305118560791,4.085305213928223,3.685305118560791,3.175305128097534,2.825305223464966,2.815305233001709,2.565305233001709,2.315305233001709,2.245305061340332,1.9853051900863647,1.525305151939392,1.1653051376342773,0.6053051948547363,0.02530517615377903,-0.574694812297821,-1.214694857597351,-0.5146948099136353,0.17530517280101776,0.1553051769733429,0.24530518054962158,0.6953051686286926,0.5353052020072937,0.8153051733970642,1.5153051614761353,1.975305199623108,1.285305142402649,1.0953052043914795,0.87530517578125,0.8553051948547363,2.0853052139282227,1.7053052186965942,1.7953051328659058,3.9153051376342773,4.275305271148682,5.525305271148682,4.515305042266846,1.715305209159851,2.305305242538452
4.62530517578125,4.355305194854736,4.145305156707764,4.105305194854736,4.015305042266846,3.695305109024048,3.3453052043914795,3.1053051948547363,2.9153051376342773,2.7053050994873047,2.315305233001709,2.065305233001709,2.075305223464966,2.0353052616119385,1.7653051614761353,1.3553051948547363,1.0053051710128784,0.4053051769733429,-0.4346948266029358,-1.064694881439209,-1.314694881439209,-1.1546947956085205,-0.4446948170661926,-0.45469483733177185,0.575305163860321,0.7353051900863647,0.6553051471710205,0.7353051900863647,1.8353052139282227,2.5453052520751953,1.2353051900863647,1.0853052139282227,0.4753051698207855,-0.29469481110572815,0.9653051495552063,1.5453051328659058,1.2653051614761353,1.1053051948547363,2.175305128097534,5.335305213928223,4.785305023193359,4.005305290222168,3.425305128097534
4.745305061340332,4.395305156707764,3.865305185317993,3.505305290222168,3.2753052711486816,3.12530517578125,2.945305109024048,2.8553051948547363,2.675305128097534,2.245305061340332,1.9553052186965942,1.965305209159851,1.975305199623108,1.815305233001709,1.6153051853179932,1.3453052043914795,0.9953051805496216,0.48530519008636475,-0.10469482094049454,-0.8346948027610779,-0.7746948003768921,-1.37469482421875,-0.8546948432922363,-0.9046947956085205,0.04530517756938934,-0.14469482004642487,0.5153051614761353,1.1653051376342773,1.7053052186965942,1.5453051328659058,1.275305151939392,1.285305142402649,1.225305199623108,0.22530516982078552,0.7853052020072937,1.215305209159851,0.5953052043914795,1.535305142402649,2.065305233001709,2.5253052711486816,2.945305109024048,4.495305061340332,3.8353052139282227
3.8553051948547363,3.675305128097534,3.425305128097534,3.0953052043914795,3.015305280685425,2.885305166244507,2.555305242538452,2.515305280685425,2.2953052520751953,2.0253052711486816,1.935305118560791,1.9253051280975342,1.8253052234649658,1.6753051280975342,1.5753052234649658,1.4253051280975342,1.3553051948547363,1.2953051328659058,0.8053051829338074,-0.26469480991363525,-0.4446948170661926,-1.3946948051452637,-1.5946948528289795,-0.9146948456764221,-0.5446948409080505,0.03530517593026161,0.5253051519393921,0.42530518770217896,0.4053051769733429,1.725305199623108,1.8853051662445068,2.425305128097534,1.9853051900863647,1.4153051376342773,1.5553051233291626,1.6553051471710205,1.1753051280975342,1.465305209159851,1.435305118560791,1.9453052282333374,3.2853052616119385,3.745305061340332,2.175305128097534
2.425305128097534,2.7153050899505615,3.005305290222168,3.0253052711486816,2.9153051376342773,2.7753052711486816,2.495305061340332,2.2953052520751953,2.135305166244507,2.1053051948547363,2.0953052043914795,1.8953051567077637,1.7053052186965942,1.7553051710128784,1.5153051614761353,1.3253052234649658,1.4053051471710205,1.4953051805496216,0.9053051471710205,0.12530517578125,-0.16469483077526093,-0.4946948289871216,-1.474694848060608,0.14530517160892487,-0.9346948266029358,0.6353051662445068,0.87530517578125,0.5253051519393921,-0.7046948075294495,1.8453052043914795,0.9753051996231079,2.765305280685425,2.3353052139282227,1.8553051948547363,2.2253050804138184,2.175305128097534,1.525305151939392,1.035305142402649,1.7553051710128784,1.815305233001709,2.5453052520751953,1.8053051233291626,1.6753051280975342
2.9053051471710205,2.685305118560791,2.685305118560791,2.615305185317993,2.565305233001709,2.615305185317993,2.575305223464966,2.505305290222168,2.385305166244507,2.265305280685425,1.9953051805496216,1.6953052282333374,1.6053051948547363,1.3653051853179932,1.0453051328659058,0.9953051805496216,1.3453052043914795,1.725305199623108,1.1153051853179932,0.5953052043914795,0.6653051972389221,0.19530516862869263,-1.6446948051452637,-0.9946948289871216,-1.6546947956085205,0.23530517518520355,0.5453051924705505,0.4653051793575287,1.0553051233291626,1.7553051710128784,0.7553051710128784,1.5153051614761353,1.0153051614761353,1.225305199623108,1.6153051853179932,0.7253051996231079,1.5153051614761353,1.7653051614761353,1.5953052043914795,2.5453052520751953,1.3953051567077637,1.225305199623108,1.4453052282333374
