Chrome_Extension/data/gfs_velocity_925mb.json
{"header": { "discipline": 0, "disciplineName": "Meteorological products", "parameterCategory": 2, "parameterCategoryName": "Momentum", "parameterNumber": 3, "parameterNumberName": "V-component_of_wind", "parameterUnit": "m.s-1", "forecastTime": 1, "refTime": "2021-03-21 06:00:00", "surface1Type": 100, "surface1TypeName": "Isobaric surface", "surface1Value": 925, "gridDefinition": "Latitude_Longitude", "nx": 280, "ny": 200, "lo1": -140.0, "la1": 65.0, "lo2": -70.25, "la2": 15.25, "dx": 0.25, "dy": 0.25, "unit": "m/s" }, "data":
[rows 0 to 18 of 200, columns 86 to 128 of 280]
-7.688635349273682,-8.87863540649414,-10.028635025024414,-9.658635139465332,-8.588635444641113,-8.298635482788086,-8.298635482788086,-8.358634948730469,-8.568634986877441,-8.778635025024414,-8.94863510131836,-9.178635597229004,-9.398634910583496,-9.558635711669922,-9.708635330200195,-9.858634948730469,-9.918635368347168,-9.84863567352295,-9.69863510131836,-9.528635025024414,-9.498635292053223,-9.588635444641113,-9.638635635375977,-9.588635444641113,-9.438634872436523,-9.218635559082031,-9.048635482788086,-9.008635520935059,-9.008635520935059,-8.97863483428955,-8.958635330200195,-8.908635139465332,-8.858634948730469,-8.868635177612305,-8.928635597229004,-8.97863483428955,-9.078635215759277,-9.308635711669922,-9.59863567352295,-9.818634986877441,-9.97863483428955,-10.09863567352295,-10.148634910583496
-9.72863483428955,-10.28863525390625,-10.838635444641113,-10.778635025024414,-9.758635520935059,-9.12863540649414,-8.988635063171387,-8.87863540649414,-9.03863525390625,-9.34863567352295,-9.59863567352295,-9.818634986877441,-9.84863567352295,-9.818634986877441,-9.888635635375977,-9.998635292053223,-10.048635482788086,-9.998635292053223,-9.918635368347168,-9.97863483428955,-10.148634910583496,-10.238635063171387,-10.188634872436523,-10.058635711669922,-9.768634796142578,-9.408635139465332,-9.19863510131836,-9.158635139465332,-9.188634872436523,-9.148634910583496,-9.078635215759277,-9.058635711669922,-9.148634910583496,-9.268634796142578,-9.328635215759277,-9.328635215759277,-9.388635635375977,-9.488635063171387,-9.59863567352295,-9.72863483428955,-10.018634796142578,-10.28863525390625,-10.328635215759277
-10.398634910583496,-10.868635177612305,-11.668635368347168,-11.748635292053223,-10.798635482788086,-9.69863510131836,-9.418635368347168,-9.328635215759277,-9.62863540649414,-10.008635520935059,-10.168635368347168,-10.158635139465332,-10.108634948730469,-10.108634948730469,-10.158635139465332,-10.138635635375977,-10.078635215759277,-10.118635177612305,-10.278635025024414,-10.44863510131836,-10.53863525390625,-10.488635063171387,-10.248635292053223,-9.898634910583496,-9.508635520935059,-9.238635063171387,-9.178635597229004,-9.238635063171387,-9.318634986877441,-9.47863483428955,-9.708635330200195,-9.748635292053223,-9.69863510131836,-9.658635139465332,-9.508635520935059,-9.458635330200195,-9.608634948730469,-9.748635292053223,-9.94863510131836,-10.188634872436523,-10.328635215759277,-10.258635520935059,-10.048635482788086
-10.87863540649414,-11.748635292053223,-12.678635597229004,-13.108634948730469,-12.328635215759277,-10.84863567352295,-10.188634872436523,-10.238635063171387,-10.34863567352295,-10.518634796142578,-10.488635063171387,-10.358634948730469,-10.238635063171387,-10.218635559082031,-10.178635597229004,-10.03863525390625,-9.918635368347168,-9.968635559082031,-10.278635025024414,-10.638635635375977,-10.778635025024414,-10.708635330200195,-10.37863540649414,-9.908635139465332,-9.558635711669922,-9.518634796142578,-9.69863510131836,-9.87863540649414,-10.008635520935059,-10.068634986877441,-10.008635520935059,-9.778635025024414,-9.528635025024414,-9.338635444641113,-9.278635025024414,-9.308635711669922,-9.398634910583496,-9.568634986877441,-9.858634948730469,-9.97863483428955,-9.738635063171387,-9.47863483428955,-9.19863510131836
-10.488635063171387,-11.318634986877441,-12.268634796142578,-13.09863567352295,-12.998635292053223,-11.69863510131836,-10.94863510131836,-10.888635635375977,-10.72863483428955,-10.578635215759277,-10.408635139465332,-10.298635482788086,-10.308635711669922,-10.358634948730469,-10.328635215759277,-10.148634910583496,-10.03863525390625,-10.218635559082031,-10.62863540649414,-10.968635559082031,-11.12863540649414,-11.138635635375977,-10.928635597229004,-10.558635711669922,-10.158635139465332,-10.12863540649414,-10.388635635375977,-10.578635215759277,-10.578635215759277,-10.368635177612305,-10.068634986877441,-9.78863525390625,-9.528635025024414,-9.158635139465332,-8.938634872436523,-8.84863567352295,-8.778635025024414,-8.768634796142578,-8.748635292053223,-8.408635139465332,-7.918635368347168,-7.548635482788086,-7.388635158538818
-11.428635597229004,-12.058635711669922,-12.388635635375977,-12.588635444641113,-12.418635368347168,-11.838635444641113,-11.428635597229004,-11.188634872436523,-10.958635330200195,-10.798635482788086,-10.72863483428955,-10.678635597229004,-10.618635177612305,-10.638635635375977,-10.588635444641113,-10.47863483428955,-10.428635597229004,-10.638635635375977,-10.94863510131836,-11.018634796142578,-11.078635215759277,-11.138635635375977,-11.178635597229004,-11.018634796142578,-10.758635520935059,-10.578635215759277,-10.658635139465332,-10.488635063171387,-10.028635025024414,-9.53863525390625,-9.148634910583496,-8.838635444641113,-8.498635292053223,-8.188634872436523,-7.978635311126709,-7.878635406494141,-7.8186354637146,-7.648635387420654,-7.248635292053223,-6.748635292053223,-6.308635234832764,-5.978635311126709,-5.738635063171387
-10.97863483428955,-11.868635177612305,-12.358634948730469,-12.37863540649414,-12.008635520935059,-11.638635635375977,-11.408635139465332,-11.168635368347168,-10.998635292053223,-11.03863525390625,-11.03863525390625,-10.908635139465332,-10.548635482788086,-10.308635711669922,-10.408635139465332,-10.778635025024414,-11.078635215759277,-11.278635025024414,-11.418635368347168,-11.418635368347168,-11.37863540649414,-11.28863525390625,-11.19863510131836,-10.998635292053223,-10.528635025024414,-10.168635368347168,-10.078635215759277,-9.808635711669922,-9.28863525390625,-8.69863510131836,-8.158635139465332,-7.698635101318359,-7.238635063171387,-6.868635177612305,-6.648635387420654,-6.53863525390625,-6.328635215759277,-5.888635158538818,-5.278635025024414,-4.658635139465332,-4.328635215759277,-4.328635215759277,-4.368635177612305
-9.808635711669922,-11.208635330200195,-11.84863567352295,-11.668635368347168,-11.03863525390625,-10.608634948730469,-10.588635444641113,-10.708635330200195,-10.898634910583496,-11.168635368347168,-11.258635520935059,-10.938634872436523,-10.328635215759277,-9.838635444641113,-9.928635597229004,-10.498635292053223,-11.178635597229004,-11.508635520935059,-11.468635559082031,-11.298635482788086,-11.19863510131836,-11.108634948730469,-10.858634948730469,-10.458635330200195,-10.028635025024414,-9.708635330200195,-9.528635025024414,-9.268634796142578,-8.818634986877441,-8.318634986877441,-7.7586350440979,-7.128635406494141,-6.748635292053223,-6.448635101318359,-6.03863525390625,-5.498635292053223,-4.898635387420654,-4.368635177612305,-3.968635320663452,-3.6386351585388184,-3.408635139465332,-3.358635187149048,-3.3186352252960205
-8.998635292053223,-10.088635444641113,-10.888635635375977,-10.818634986877441,-10.258635520935059,-9.938634872436523,-10.018634796142578,-10.258635520935059,-10.648634910583496,-11.12863540649414,-11.258635520935059,-11.068634986877441,-10.618635177612305,-10.028635025024414,-9.988635063171387,-10.508635520935059,-11.008635520935059,-11.19863510131836,-11.108634948730469,-10.938634872436523,-10.808635711669922,-10.708635330200195,-10.488635063171387,-10.158635139465332,-9.708635330200195,-9.358634948730469,-9.188634872436523,-9.018634796142578,-8.818634986877441,-8.578635215759277,-8.12863540649414,-7.498635292053223,-6.678635120391846,-5.7586350440979,-4.708635330200195,-3.6986353397369385,-2.9386353492736816,-2.678635358810425,-2.7086353302001953,-2.598635196685791,-2.598635196685791,-2.658635139465332,-2.7686352729797363
-8.588635444641113,-9.238635063171387,-10.12863540649414,-10.638635635375977,-10.548635482788086,-10.278635025024414,-10.248635292053223,-10.358634948730469,-10.618635177612305,-10.94863510131836,-11.278635025024414,-11.388635635375977,-11.148634910583496,-10.528635025024414,-10.22863483428955,-10.528635025024414,-10.858634948730469,-10.988635063171387,-10.958635330200195,-10.868635177612305,-10.768634796142578,-10.62863540649414,-10.398634910583496,-10.03863525390625,-9.608634948730469,-9.268634796142578,-9.108634948730469,-8.97863483428955,-8.47863483428955,-7.5086350440979,-6.78863525390625,-6.438635349273682,-5.7586350440979,-4.918635368347168,-3.9486353397369385,-2.9486353397369385,-2.468635320663452,-2.488635301589966,-2.598635196685791,-2.78863525390625,-3.1386351585388184,-3.5586352348327637,-3.6986353397369385
-9.028635025024414,-9.418635368347168,-9.828635215759277,-10.238635063171387,-10.37863540649414,-10.278635025024414,-10.138635635375977,-10.19863510131836,-10.53863525390625,-10.968635559082031,-11.308635711669922,-11.368635177612305,-10.958635330200195,-10.298635482788086,-10.028635025024414,-10.358634948730469,-10.798635482788086,-10.958635330200195,-10.808635711669922,-10.618635177612305,-10.53863525390625,-10.488635063171387,-10.338635444641113,-10.078635215759277,-9.868635177612305,-9.678635597229004,-9.308635711669922,-8.528635025024414,-7.358635425567627,-6.208635330200195,-5.438635349273682,-4.928635120391846,-4.53863525390625,-4.2586350440979,-4.138635158538818,-3.9586353302001953,-3.7686352729797363,-3.6886353492736816,-3.8686351776123047,-4.03863525390625,-4.128635406494141,-4.3186354637146,-4.618635177612305
-10.22863483428955,-11.368635177612305,-11.47863483428955,-11.408635139465332,-11.118635177612305,-10.59863567352295,-10.188634872436523,-9.928635597229004,-10.03863525390625,-10.548635482788086,-10.958635330200195,-11.118635177612305,-10.78863525390625,-10.028635025024414,-9.618635177612305,-9.78863525390625,-10.28863525390625,-10.718635559082031,-10.78863525390625,-10.708635330200195,-10.708635330200195,-10.72863483428955,-10.608634948730469,-10.28863525390625,-9.868635177612305,-9.22863483428955,-8.268634796142578,-7.238635063171387,-6.308635234832764,-5.608635425567627,-5.298635482788086,-5.178635120391846,-5.228635311126709,-5.28863525390625,-5.268635272979736,-5.238635063171387,-5.128635406494141,-4.918635368347168,-4.708635330200195,-4.588635444641113,-4.558635234832764,-4.558635234832764,-4.628635406494141
-9.138635635375977,-11.558635711669922,-12.108634948730469,-11.59863567352295,-11.408635139465332,-10.868635177612305,-10.188634872436523,-9.78863525390625,-9.758635520935059,-10.19863510131836,-10.648634910583496,-10.618635177612305,-10.298635482788086,-10.03863525390625,-9.97863483428955,-10.148634910583496,-10.508635520935059,-10.778635025024414,-10.748635292053223,-10.59863567352295,-10.498635292053223,-10.458635330200195,-10.298635482788086,-9.808635711669922,-9.108634948730469,-8.278635025024414,-7.448635101318359,-6.718635082244873,-6.208635330200195,-5.958635330200195,-5.858635425567627,-5.778635025024414,-5.7586350440979,-5.778635025024414,-5.798635482788086,-5.768635272979736,-5.638635158538818,-5.408635139465332,-5.0686354637146,-4.728635311126709,-4.618635177612305,-4.728635311126709,-4.888635158538818
-5.448635101318359,-8.338635444641113,-10.368635177612305,-10.988635063171387,-11.118635177612305,-10.938634872436523,-10.53863525390625,-10.178635597229004,-10.088635444641113,-10.278635025024414,-10.368635177612305,-10.03863525390625,-9.668635368347168,-9.668635368347168,-9.94863510131836,-10.34863567352295,-10.658635139465332,-10.748635292053223,-10.62863540649414,-10.368635177612305,-10.03863525390625,-9.758635520935059,-9.438634872436523,-8.94863510131836,-8.318634986877441,-7.658635139465332,-7.178635120391846,-6.738635063171387,-6.328635215759277,-6.108635425567627,-6.128635406494141,-6.238635063171387,-6.298635482788086,-6.308635234832764,-6.248635292053223,-6.098635196685791,-5.858635425567627,-5.548635482788086,-5.188635349273682,-4.868635177612305,-4.738635063171387,-4.918635368347168,-5.28863525390625
-4.488635063171387,-6.578635215759277,-8.678635597229004,-9.998635292053223,-10.568634986877441,-10.62863540649414,-10.62863540649414,-10.738635063171387,-10.838635444641113,-10.778635025024414,-10.508635520935059,-9.888635635375977,-9.258635520935059,-9.008635520935059,-9.108634948730469,-9.738635063171387,-10.408635139465332,-10.648634910583496,-10.518634796142578,-10.178635597229004,-9.778635025024414,-9.278635025024414,-8.658635139465332,-8.028635025024414,-7.518635272979736,-7.188635349273682,-6.878635406494141,-6.53863525390625,-6.348635196685791,-6.3186354637146,-6.348635196685791,-6.418635368347168,-6.408635139465332,-6.468635082244873,-6.428635120391846,-6.2586350440979,-6.028635025024414,-5.588635444641113,-5.278635025024414,-5.128635406494141,-5.138635158538818,-5.338635444641113,-5.678635120391846
-4.5086350440979,-5.598635196685791,-6.918635368347168,-8.208635330200195,-9.278635025024414,-9.84863567352295,-9.868635177612305,-9.918635368347168,-10.068634986877441,-10.22863483428955,-10.188634872436523,-9.958635330200195,-9.78863525390625,-9.668635368347168,-9.158635139465332,-8.658635139465332,-8.968635559082031,-9.838635444641113,-10.138635635375977,-9.798635482788086,-9.218635559082031,-8.78863525390625,-8.608634948730469,-8.518634796142578,-8.338635444641113,-8.008635520935059,-7.468635082244873,-6.898635387420654,-6.378635406494141,-5.888635158538818,-5.308635234832764,-4.858635425567627,-4.778635025024414,-4.928635120391846,-5.098635196685791,-5.168635368347168,-5.228635311126709,-5.338635444641113,-5.578635215759277,-5.778635025024414,-5.878635406494141,-6.058635234832764,-6.178635120391846
-6.0086350440979,-5.968635082244873,-6.498635292053223,-7.28863525390625,-8.028635025024414,-8.828635215759277,-9.408635139465332,-9.578635215759277,-9.578635215759277,-9.578635215759277,-9.518634796142578,-9.37863540649414,-9.338635444641113,-9.588635444641113,-9.868635177612305,-9.828635215759277,-9.678635597229004,-9.638635635375977,-9.828635215759277,-9.928635597229004,-9.72863483428955,-9.328635215759277,-9.108634948730469,-8.958635330200195,-8.59863567352295,-8.008635520935059,-7.378635406494141,-6.53863525390625,-5.698635101318359,-4.908635139465332,-4.168635368347168,-3.778635263442993,-3.728635311126709,-3.918635368347168,-4.378635406494141,-4.908635139465332,-5.298635482788086,-5.598635196685791,-5.978635311126709,-6.228635311126709,-6.308635234832764,-6.428635120391846,-6.618635177612305
-6.828635215759277,-6.698635101318359,-6.3186354637146,-6.488635063171387,-6.948635101318359,-7.528635025024414,-8.328635215759277,-9.12863540649414,-9.78863525390625,-10.018634796142578,-10.088635444641113,-10.078635215759277,-10.018634796142578,-9.97863483428955,-9.988635063171387,-10.068634986877441,-10.148634910583496,-10.358634948730469,-10.37863540649414,-10.358634948730469,-10.28863525390625,-9.938634872436523,-9.428635597229004,-8.87863540649414,-8.258635520935059,-7.518635272979736,-6.678635120391846,-6.158635139465332,-5.8186354637146,-5.598635196685791,-5.298635482788086,-4.968635082244873,-4.668635368347168,-4.688635349273682,-5.128635406494141,-5.868635177612305,-6.658635139465332,-7.03863525390625,-6.808635234832764,-6.478635311126709,-6.53863525390625,-6.748635292053223,-6.898635387420654
-6.748635292053223,-6.848635196685791,-6.78863525390625,-6.488635063171387,-6.628635406494141,-7.148635387420654,-7.878635406494141,-8.558635711669922,-9.12863540649414,-9.608634948730469,-10.12863540649414,-10.37863540649414,-10.308635711669922,-10.148634910583496,-9.828635215759277,-9.22863483428955,-8.688634872436523,-8.78863525390625,-9.34863567352295,-9.648634910583496,-9.72863483428955,-9.688634872436523,-9.558635711669922,-9.418635368347168,-9.168635368347168,-8.838635444641113,-8.418635368347168,-7.908635139465332,-7.28863525390625,-6.8186354637146,-6.378635406494141,-6.368635177612305,-6.308635234832764,-5.988635063171387,-5.928635120391846,-6.248635292053223,-6.838635444641113,-7.338635444641113,-7.518635272979736,-7.5086350440979,-7.418635368347168,-7.348635196685791,-7.358635425567627
