Chrome_Extension/data/gfs_velocity_850mb.json
{"header": { "discipline": 0, "disciplineName": "Meteorological products", "parameterCategory": 2, "parameterCategoryName": "Momentum", "parameterNumber": 3, "parameterNumberName": "V-component_of_wind", "parameterUnit": "m.s-1", "forecastTime": 1, "refTime": "2021-03-21 06:00:00", "surface1Type": 100, "surface1TypeName": "Isobaric surface", "surface1Value": 850, "gridDefinition": "Latitude_Longitude", "nx": 280, "ny": 200, "lo1": -140.0, "la1": 65.0, "lo2": -70.25, "la2": 15.25, "dx": 0.25, "dy": 0.25, "unit": "m/s" }, "data":
[rows 171 to 189 of 200, columns 0 to 42 of 280]
-0.42990967631340027,-0.9299096465110779,-1.4799096584320068,-1.909909725189209,-2.019909620285034,-1.8999096155166626,-2.6799097061157227,-3.6299097537994385,-4.309909820556641,-5.079909801483154,-5.669909477233887,-5.709909439086914,-5.699909687042236,-5.989909648895264,-5.979909896850586,-5.679909706115723,-5.609909534454346,-5.329909801483154,-5.159909725189209,-5.519909858703613,-5.6899094581604,-5.519909858703613,-5.049909591674805,-4.96990966796875,-5.039909839630127,-4.989909648895264,-4.9399094581604,-5.029909610748291,-4.659909725189209,-3.959909677505493,-3.089909553527832,-2.1299097537994385,-1.559909701347351,-0.8799096941947937,-0.46990966796875,-0.8999096751213074,-0.919909656047821,-0.7399096488952637,-1.0499097108840942,-1.5999096632003784,-1.809909701347351,-1.779909610748291,-1.5799096822738647
-0.8799096941947937,-1.069909691810608,-1.569909691810608,-1.8999096155166626,-1.809909701347351,-2.829909563064575,-3.7499096393585205,-4.049909591674805,-4.7499098777771,-5.579909801483154,-5.759909629821777,-5.4399094581604,-5.629909515380859,-5.919909477233887,-5.529909610748291,-5.479909896850586,-5.4399094581604,-5.119909763336182,-4.869909763336182,-5.019909858703613,-5.329909801483154,-5.349909782409668,-5.409909725189209,-5.699909687042236,-5.739909648895264,-5.259909629821777,-4.479909896850586,-3.6899096965789795,-3.039909601211548,-2.789909601211548,-2.029909610748291,-1.309909701347351,-1.0999096632003784,-0.8799096941947937,-1.059909701347351,-0.9799096584320068,-0.47990965843200684,-0.8499096632003784,-1.619909644126892,-1.8999096155166626,-1.7999097108840942,-1.5499097108840942,-1.779909610748291
-0.8699096441268921,-0.7999096512794495,-1.3899096250534058,-1.7699096202850342,-2.7599096298217773,-3.7599096298217773,-4.269909858703613,-4.779909610748291,-5.409909725189209,-5.769909858703613,-5.619909763336182,-5.349909782409668,-4.9999098777771,-4.559909820556641,-4.049909591674805,-4.4999098777771,-4.989909648895264,-4.7499098777771,-4.799909591674805,-5.169909477233887,-5.429909706115723,-5.089909553527832,-5.2499098777771,-5.329909801483154,-4.879909515380859,-4.069909572601318,-3.399909734725952,-2.6999096870422363,-2.269909620285034,-2.079909563064575,-1.5499097108840942,-1.3499096632003784,-1.2599096298217773,-1.129909634590149,-1.0999096632003784,-0.9399096965789795,-1.1399096250534058,-1.71990966796875,-2.1399097442626953,-2.169909715652466,-1.9199097156524658,-2.079909563064575,-2.1999096870422363
-1.129909634590149,-1.3599096536636353,-1.4399096965789795,-1.9199097156524658,-2.9499096870422363,-3.909909725189209,-4.699909687042236,-5.4399094581604,-5.549909591674805,-5.339909553527832,-5.619909763336182,-5.379909515380859,-5.159909725189209,-5.289909839630127,-5.379909515380859,-5.759909629821777,-5.7499098777771,-5.349909782409668,-5.329909801483154,-5.399909496307373,-5.21990966796875,-5.429909706115723,-5.489909648895264,-4.669909477233887,-3.7499096393585205,-2.919909715652466,-2.779909610748291,-2.2999095916748047,-1.779909610748291,-1.3999096155166626,-1.369909644126892,-1.5499097108840942,-1.529909610748291,-1.2999097108840942,-1.1699097156524658,-1.279909610748291,-1.4799096584320068,-1.7299096584320068,-1.9599096775054932,-2.079909563064575,-1.9599096775054932,-2.1799097061157227,-2.419909715652466
-1.5999096632003784,-1.9299097061157227,-2.029909610748291,-2.6299097537994385,-3.4999096393585205,-4.159909725189209,-4.96990966796875,-5.599909782409668,-5.779909610748291,-6.069909572601318,-6.029909610748291,-5.899909496307373,-5.799909591674805,-5.419909477233887,-5.669909477233887,-5.919909477233887,-5.839909553527832,-5.6899094581604,-5.579909801483154,-5.419909477233887,-5.319909572601318,-5.019909858703613,-4.509909629821777,-3.779909610748291,-3.029909610748291,-2.849909782409668,-2.6399097442626953,-2.2499096393585205,-2.149909734725952,-2.149909734725952,-2.229909658432007,-2.2399096488952637,-1.96990966796875,-1.619909644126892,-1.4399096965789795,-1.0899096727371216,-1.0899096727371216,-1.569909691810608,-1.7699096202850342,-1.869909644126892,-2.229909658432007,-2.409909725189209,-2.079909563064575
-1.9899096488952637,-2.1299097537994385,-2.9399096965789795,-3.829909563064575,-4.459909439086914,-5.269909858703613,-6.209909439086914,-6.779909610748291,-7.059909820556641,-6.899909496307373,-6.359909534454346,-5.829909801483154,-5.549909591674805,-5.369909763336182,-5.779909610748291,-5.679909706115723,-5.21990966796875,-4.659909725189209,-5.089909553527832,-5.549909591674805,-5.019909858703613,-4.159909725189209,-3.709909677505493,-3.269909620285034,-2.8799097537994385,-2.829909563064575,-2.5599095821380615,-2.3699097633361816,-2.5599095821380615,-2.4999096393585205,-2.099909782409668,-1.7399096488952637,-1.6099096536636353,-1.6999096870422363,-1.4999096393585205,-1.0199096202850342,-1.2499096393585205,-1.8299096822738647,-2.2599096298217773,-2.5499095916748047,-2.479909658432007,-1.809909701347351,-1.569909691810608
-2.899909734725952,-3.4999096393585205,-4.289909839630127,-5.149909496307373,-5.9399094581604,-6.6899094581604,-7.039909839630127,-6.759909629821777,-6.409909725189209,-6.049909591674805,-5.339909553527832,-4.549909591674805,-4.419909477233887,-5.239909648895264,-5.829909801483154,-5.669909477233887,-5.449909687042236,-5.669909477233887,-5.6899094581604,-4.96990966796875,-4.209909439086914,-3.6299097537994385,-3.029909610748291,-2.599909782409668,-2.6199097633361816,-2.5599095821380615,-2.399909734725952,-2.5699095726013184,-2.079909563064575,-1.309909701347351,-1.0999096632003784,-1.4499096870422363,-1.629909634590149,-1.5399097204208374,-1.2299096584320068,-1.5499097108840942,-2.339909553527832,-2.589909553527832,-2.409909725189209,-2.0499095916748047,-1.6399096250534058,-1.7099096775054932,-2.1899096965789795
-4.569909572601318,-5.239909648895264,-5.789909839630127,-6.459909439086914,-6.96990966796875,-7.21990966796875,-6.559909820556641,-5.9399094581604,-5.579909801483154,-5.259909629821777,-5.169909477233887,-5.519909858703613,-5.989909648895264,-6.489909648895264,-6.259909629821777,-5.4999098777771,-5.289909839630127,-4.899909496307373,-4.229909896850586,-3.839909553527832,-3.4999096393585205,-3.269909620285034,-3.159909725189209,-3.0499095916748047,-3.1399097442626953,-3.0699095726013184,-2.529909610748291,-1.6499096155166626,-1.0999096632003784,-1.1099096536636353,-1.2599096298217773,-1.2399096488952637,-1.0799096822738647,-1.1899096965789795,-1.529909610748291,-2.1799097061157227,-2.6199097633361816,-2.4299097061157227,-1.8399096727371216,-1.659909725189209,-1.7999097108840942,-2.1299097537994385,-2.2599096298217773
-5.739909648895264,-6.289909839630127,-6.449909687042236,-6.919909477233887,-6.71990966796875,-6.069909572601318,-5.889909744262695,-6.169909477233887,-6.199909687042236,-5.949909687042236,-5.779909610748291,-5.839909553527832,-6.229909896850586,-6.009909629821777,-5.359909534454346,-4.629909515380859,-4.239909648895264,-3.789909601211548,-3.9299097061157227,-3.9499096870422363,-3.6399097442626953,-3.609909772872925,-3.459909677505493,-3.269909620285034,-2.9499096870422363,-2.0699095726013184,-1.129909634590149,-0.8999096751213074,-1.119909644126892,-1.1799097061157227,-1.0999096632003784,-1.2699096202850342,-1.8899096250534058,-2.21990966796875,-2.0699095726013184,-1.8899096250534058,-1.9299097061157227,-1.909909725189209,-1.7299096584320068,-1.9799096584320068,-1.909909725189209,-2.029909610748291,-2.3899097442626953
-6.009909629821777,-6.179909706115723,-6.579909801483154,-6.46990966796875,-6.009909629821777,-6.1899094581604,-6.2499098777771,-6.309909820556641,-6.059909820556641,-5.71990966796875,-5.569909572601318,-5.669909477233887,-5.519909858703613,-4.699909687042236,-4.079909801483154,-3.4999096393585205,-3.399909734725952,-3.899909734725952,-4.059909820556641,-3.829909563064575,-3.6799097061157227,-3.659909725189209,-3.209909677505493,-2.539909601211548,-1.8299096822738647,-1.1799097061157227,-1.1899096965789795,-1.379909634590149,-1.1999096870422363,-0.9599096775054932,-1.21990966796875,-1.6999096870422363,-1.8499096632003784,-1.5199096202850342,-1.309909701347351,-1.409909725189209,-1.46990966796875,-1.659909725189209,-2.1399097442626953,-2.269909620285034,-2.2399096488952637,-2.359909772872925,-2.0699095726013184
-5.929909706115723,-6.419909477233887,-6.46990966796875,-6.349909782409668,-6.21990966796875,-6.179909706115723,-5.889909744262695,-5.979909896850586,-5.839909553527832,-5.459909439086914,-5.309909820556641,-5.089909553527832,-4.4999098777771,-4.049909591674805,-3.6799097061157227,-3.7399096488952637,-4.339909553527832,-4.4399094581604,-4.079909801483154,-3.839909553527832,-3.959909677505493,-3.419909715652466,-2.529909610748291,-1.7999097108840942,-1.2399096488952637,-1.1399096250534058,-1.2699096202850342,-1.2399096488952637,-1.1899096965789795,-1.3999096155166626,-1.4999096393585205,-1.309909701347351,-0.8999096751213074,-0.7899096608161926,-1.21990966796875,-1.6499096155166626,-1.71990966796875,-1.7599096298217773,-1.7699096202850342,-1.8399096727371216,-1.869909644126892,-1.559909701347351,-1.309909701347351
-6.059909820556641,-6.329909801483154,-6.509909629821777,-6.489909648895264,-6.339909553527832,-5.989909648895264,-5.559909820556641,-5.729909896850586,-5.389909744262695,-5.079909801483154,-4.759909629821777,-4.399909496307373,-4.209909439086914,-4.029909610748291,-4.159909725189209,-4.879909515380859,-4.769909858703613,-4.309909820556641,-4.099909782409668,-4.269909858703613,-3.779909610748291,-2.839909553527832,-2.169909715652466,-1.6499096155166626,-1.2899097204208374,-1.369909644126892,-1.3299096822738647,-1.3899096250534058,-1.6099096536636353,-1.559909701347351,-1.119909644126892,-0.8799096941947937,-0.9099096655845642,-1.309909701347351,-1.559909701347351,-1.5499097108840942,-1.3399096727371216,-0.8899096846580505,-0.7099096775054932,-0.8399096727371216,-0.8499096632003784,-0.8799096941947937,-1.2599096298217773
-5.959909439086914,-6.179909706115723,-6.379909515380859,-6.099909782409668,-5.71990966796875,-5.359909534454346,-5.299909591674805,-5.099909782409668,-4.659909725189209,-4.419909477233887,-4.179909706115723,-4.109909534454346,-4.229909896850586,-4.539909839630127,-5.009909629821777,-4.819909572601318,-4.339909553527832,-4.149909496307373,-4.139909744262695,-3.729909658432007,-3.169909715652466,-2.6399097442626953,-1.7699096202850342,-1.2399096488952637,-1.3499096632003784,-1.3399096727371216,-1.0199096202850342,-0.9399096965789795,-0.8899096846580505,-0.7099096775054932,-0.7299096584320068,-0.9399096965789795,-1.2999097108840942,-1.3299096822738647,-0.9799096584320068,-0.5999096632003784,-0.3199096620082855,-0.2499096691608429,-0.2799096703529358,-0.3199096620082855,-0.6199096441268921,-1.2899097204208374,-1.7399096488952637
-5.6899094581604,-5.459909439086914,-5.329909801483154,-5.199909687042236,-5.109909534454346,-5.119909763336182,-4.909909725189209,-4.669909477233887,-4.529909610748291,-4.449909687042236,-4.529909610748291,-4.619909763336182,-4.7499098777771,-4.909909725189209,-4.699909687042236,-4.239909648895264,-3.96990966796875,-3.589909553527832,-2.96990966796875,-2.329909563064575,-1.7599096298217773,-1.4799096584320068,-1.369909644126892,-1.379909634590149,-1.6099096536636353,-1.3599096536636353,-1.119909644126892,-0.9399096965789795,-0.6399096846580505,-0.5499096512794495,-0.9599096775054932,-1.3899096250534058,-1.2999097108840942,-0.8399096727371216,-0.35990965366363525,-0.039909668266773224,0.07009033113718033,0.10009033232927322,-0.17990966141223907,-0.7899096608161926,-1.3299096822738647,-1.409909725189209,-1.2999097108840942
-5.309909820556641,-4.869909763336182,-4.659909725189209,-4.849909782409668,-4.989909648895264,-4.569909572601318,-4.46990966796875,-4.659909725189209,-4.779909610748291,-5.009909629821777,-5.109909534454346,-5.059909820556641,-4.919909477233887,-4.519909858703613,-4.079909801483154,-3.959909677505493,-3.849909782409668,-3.339909553527832,-2.519909620285034,-2.0099096298217773,-1.909909725189209,-1.5999096632003784,-1.2699096202850342,-1.4799096584320068,-1.5399097204208374,-1.369909644126892,-1.2999097108840942,-1.0199096202850342,-0.8799096941947937,-0.9099096655845642,-1.0199096202850342,-1.0799096822738647,-0.46990966796875,0.07009033113718033,0.24009032547473907,0.24009032547473907,-0.009909668006002903,-0.44990965723991394,-1.0999096632003784,-1.5999096632003784,-1.6699097156524658,-1.629909634590149,-1.6999096870422363
-4.909909725189209,-4.759909629821777,-4.729909896850586,-4.619909763336182,-4.309909820556641,-4.359909534454346,-4.659909725189209,-4.809909820556641,-5.009909629821777,-5.179909706115723,-5.2499098777771,-5.159909725189209,-4.869909763336182,-4.079909801483154,-3.789909601211548,-4.209909439086914,-3.6299097537994385,-2.659909725189209,-2.109909772872925,-1.8899096250534058,-1.869909644126892,-1.5099096298217773,-1.319909691810608,-1.4199097156524658,-1.1699097156524658,-1.1899096965789795,-1.2299096584320068,-1.2599096298217773,-1.2999097108840942,-1.0999096632003784,-0.71990966796875,-0.11990966647863388,0.39009034633636475,0.07009033113718033,-0.32990968227386475,-0.6199096441268921,-1.1099096536636353,-1.7299096584320068,-2.019909620285034,-1.96990966796875,-1.809909701347351,-1.7399096488952637,-2.0099096298217773
-4.739909648895264,-4.649909496307373,-4.559909820556641,-4.4399094581604,-4.6899094581604,-5.009909629821777,-4.919909477233887,-4.619909763336182,-4.599909782409668,-4.849909782409668,-4.9399094581604,-4.7499098777771,-4.429909706115723,-4.079909801483154,-3.899909734725952,-2.959909677505493,-2.1899096965789795,-2.079909563064575,-1.7499096393585205,-1.6799097061157227,-1.9599096775054932,-1.9199097156524658,-1.7899097204208374,-1.3399096727371216,-1.0799096822738647,-1.1099096536636353,-1.319909691810608,-1.4499096870422363,-1.3499096632003784,-0.7499096393585205,-0.4099096655845642,-0.2899096608161926,-0.2499096691608429,-0.71990966796875,-1.1099096536636353,-1.4299097061157227,-1.9499096870422363,-2.039909601211548,-1.6399096250534058,-1.4599096775054932,-1.7699096202850342,-2.109909772872925,-2.529909610748291
-4.859909534454346,-4.779909610748291,-4.729909896850586,-5.009909629821777,-5.089909553527832,-5.029909610748291,-4.679909706115723,-4.629909515380859,-4.71990966796875,-4.619909763336182,-4.449909687042236,-4.4999098777771,-4.679909706115723,-4.179909706115723,-2.6899096965789795,-2.1299097537994385,-2.289909601211548,-1.9499096870422363,-1.5199096202850342,-1.8399096727371216,-2.1299097537994385,-2.149909734725952,-1.819909691810608,-1.4999096393585205,-1.3899096250534058,-1.4799096584320068,-1.5799096822738647,-1.379909634590149,-0.6999096870422363,-0.44990965723991394,-0.5299096703529358,-0.6299096941947937,-1.0199096202850342,-1.379909634590149,-1.5899096727371216,-1.8299096822738647,-1.8399096727371216,-1.4399096965789795,-1.3599096536636353,-1.8599096536636353,-2.519909620285034,-2.899909734725952,-2.839909553527832
-4.71990966796875,-4.46990966796875,-4.429909706115723,-4.349909782409668,-4.359909534454346,-4.599909782409668,-4.479909896850586,-4.479909896850586,-4.379909515380859,-4.319909572601318,-4.299909591674805,-4.029909610748291,-3.4899096488952637,-2.8099095821380615,-1.8999096155166626,-1.8999096155166626,-1.879909634590149,-1.4599096775054932,-1.5199096202850342,-1.6699097156524658,-1.6699097156524658,-1.7499096393585205,-1.779909610748291,-1.779909610748291,-1.629909634590149,-1.5799096822738647,-1.309909701347351,-0.5999096632003784,-0.47990965843200684,-0.8599096536636353,-0.7499096393585205,-1.4399096965789795,-1.8599096536636353,-1.8299096822738647,-1.4999096393585205,-1.2899097204208374,-1.4199097156524658,-1.909909725189209,-2.409909725189209,-2.5499095916748047,-2.46990966796875,-2.279909610748291,-2.0599095821380615
