Chrome_Extension/data/gfs_velocity_850mb.json
{"header": { "discipline": 0, "disciplineName": "Meteorological products", "parameterCategory": 2, "parameterCategoryName": "Momentum", "parameterNumber": 2, "parameterNumberName": "U-component_of_wind", "parameterUnit": "m.s-1", "forecastTime": 1, "refTime": "2021-03-21 06:00:00", "surface1Type": 100, "surface1TypeName": "Isobaric surface", "surface1Value": 850, "gridDefinition": "Latitude_Longitude", "nx": 280, "ny": 200, "lo1": -140.0, "la1": 65.0, "lo2": -70.25, "la2": 15.25, "dx": 0.25, "dy": 0.25, "unit": "m/s" }, "data":
[rows 0 to 18 of 200, columns 172 to 214 of 280]
-12.170434951782227,-12.16043472290039,-12.040434837341309,-11.830434799194336,-11.580434799194336,-11.290434837341309,-11.050434112548828,-10.890434265136719,-10.7604341506958,-10.600434303283691,-10.450434684753418,-10.3804349899292,-10.3204345703125,-10.270434379577637,-10.330434799194336,-10.48043441772461,-10.540434837341309,-10.460434913635254,-10.370434761047363,-10.400434494018555,-10.460434913635254,-10.490434646606445,-10.550434112548828,-10.420434951782227,-10.050434112548828,-9.580434799194336,-9.170434951782227,-8.890434265136719,-8.790434837341309,-8.890434265136719,-9.200434684753418,-9.5104341506958,-9.530434608459473,-9.100434303283691,-8.650434494018555,-8.430434226989746,-8.340435028076172,-8.090435028076172,-7.450434684753418,-6.79043436050415,-6.260434627532959,-5.750434398651123,-5.190434455871582
-11.930434226989746,-11.800434112548828,-11.650434494018555,-11.430434226989746,-11.300434112548828,-11.23043441772461,-11.2604341506958,-11.250434875488281,-11.210434913635254,-11.140434265136719,-11.090435028076172,-11.050434112548828,-11.050434112548828,-11.120434761047363,-11.23043441772461,-11.300434112548828,-11.370434761047363,-11.430434226989746,-11.420434951782227,-11.430434226989746,-11.610434532165527,-11.91043472290039,-12.190434455871582,-12.16043472290039,-11.770434379577637,-11.300434112548828,-10.900434494018555,-10.8204345703125,-11.050434112548828,-11.1304349899292,-10.970434188842773,-10.790434837341309,-10.650434494018555,-10.3204345703125,-9.840435028076172,-9.540434837341309,-9.370434761047363,-8.98043441772461,-8.41043472290039,-7.890434741973877,-7.500434398651123,-7.0704345703125,-6.550434589385986
-11.080434799194336,-10.930434226989746,-10.8204345703125,-10.750434875488281,-10.830434799194336,-10.990434646606445,-11.200434684753418,-11.240434646606445,-11.220434188842773,-11.2604341506958,-11.340435028076172,-11.360434532165527,-11.3804349899292,-11.580434799194336,-11.8204345703125,-11.960434913635254,-12.0704345703125,-12.220434188842773,-12.23043441772461,-12.150434494018555,-12.1304349899292,-12.3204345703125,-12.620434761047363,-12.7604341506958,-12.5704345703125,-12.1304349899292,-11.650434494018555,-11.420434951782227,-11.560434341430664,-11.460434913635254,-11.250434875488281,-11.090435028076172,-10.91043472290039,-10.740434646606445,-10.540434837341309,-10.3204345703125,-10.170434951782227,-9.750434875488281,-9.3204345703125,-8.8204345703125,-8.2604341506958,-7.690434455871582,-7.110434532165527
-8.690434455871582,-8.470434188842773,-8.250434875488281,-8.2604341506958,-8.400434494018555,-8.550434112548828,-8.740434646606445,-8.900434494018555,-8.890434265136719,-9.020434379577637,-9.16043472290039,-9.340435028076172,-9.6304349899292,-10.020434379577637,-10.41043472290039,-10.810434341430664,-11.170434951782227,-11.360434532165527,-11.370434761047363,-11.400434494018555,-11.460434913635254,-11.580434799194336,-11.8804349899292,-12.210434913635254,-12.310434341430664,-12.150434494018555,-11.930434226989746,-11.810434341430664,-11.690434455871582,-11.500434875488281,-11.340435028076172,-11.2604341506958,-11.150434494018555,-10.970434188842773,-10.670434951782227,-10.350434303283691,-9.930434226989746,-9.41043472290039,-8.900434494018555,-8.48043441772461,-8.050434112548828,-7.60043478012085,-7.180434703826904
-5.000434398651123,-5.030434608459473,-5.10043478012085,-4.980434417724609,-4.830434799194336,-4.79043436050415,-4.930434703826904,-5.110434532165527,-5.180434703826904,-5.250434398651123,-5.410434722900391,-5.630434513092041,-5.920434474945068,-6.35043478012085,-6.690434455871582,-7.000434398651123,-7.190434455871582,-7.29043436050415,-7.340434551239014,-7.400434494018555,-7.530434608459473,-7.870434761047363,-8.500434875488281,-9.210434913635254,-9.750434875488281,-9.970434188842773,-10.140434265136719,-10.460434913635254,-10.800434112548828,-11.100434303283691,-11.450434684753418,-11.740434646606445,-11.860434532165527,-11.750434875488281,-11.490434646606445,-11.090435028076172,-10.550434112548828,-9.900434494018555,-9.330434799194336,-8.810434341430664,-8.3804349899292,-8.110434532165527,-7.730434417724609
-2.560434579849243,-2.5504345893859863,-2.630434513092041,-2.630434513092041,-2.560434579849243,-2.500434637069702,-2.500434637069702,-2.4904346466064453,-2.4104344844818115,-2.3204345703125,-2.2804346084594727,-2.250434637069702,-2.3004345893859863,-2.5404345989227295,-2.940434455871582,-3.2904345989227295,-3.5304346084594727,-3.760434627532959,-3.960434675216675,-3.9704346656799316,-3.8404345512390137,-4.050434589385986,-4.650434494018555,-5.520434379577637,-6.410434722900391,-7.020434379577637,-7.370434761047363,-7.800434589385986,-8.470434188842773,-9.23043441772461,-10.050434112548828,-10.690434455871582,-11.060434341430664,-11.140434265136719,-11.090435028076172,-10.950434684753418,-10.720434188842773,-10.340435028076172,-9.810434341430664,-9.360434532165527,-9.16043472290039,-9.090435028076172,-8.920434951782227
-0.4804345667362213,-0.4504345655441284,-0.4404345750808716,-0.40043458342552185,-0.24043457210063934,-0.08043456822633743,-0.03043457120656967,-0.03043457120656967,0.03956542909145355,0.12956543266773224,0.19956542551517487,0.25956544280052185,0.2695654332637787,0.18956543505191803,-0.06043456867337227,-0.3804345726966858,-0.6304345726966858,-0.8604345917701721,-1.1504346132278442,-1.410434603691101,-1.510434627532959,-1.5704345703125,-1.720434546470642,-2.1704344749450684,-3.0404345989227295,-3.930434465408325,-4.370434761047363,-4.680434703826904,-5.220434665679932,-6.04043436050415,-7.020434379577637,-8.020434379577637,-8.870434761047363,-9.48043441772461,-9.890434265136719,-10.1304349899292,-10.220434188842773,-10.080434799194336,-9.850434303283691,-9.73043441772461,-9.600434303283691,-9.400434494018555,-9.120434761047363
0.6695654392242432,0.6095654368400574,0.629565417766571,0.6995654106140137,0.7995654344558716,0.8895654082298279,1.019565463066101,1.2195653915405273,1.3995654582977295,1.5095654726028442,1.6095653772354126,1.6895654201507568,1.6995654106140137,1.6295654773712158,1.4995654821395874,1.269565463066101,0.979565441608429,0.6995654106140137,0.37956541776657104,-0.0704345703125,-0.4704345762729645,-0.46043455600738525,-0.22043457627296448,-0.33043456077575684,-0.8804345726966858,-1.5604345798492432,-2.000434637069702,-2.0704345703125,-2.2204346656799316,-2.5304346084594727,-3.0304346084594727,-3.690434455871582,-4.560434341430664,-5.560434341430664,-6.630434513092041,-7.740434646606445,-8.770434379577637,-9.500434875488281,-9.740434646606445,-9.73043441772461,-9.560434341430664,-9.310434341430664,-9.040434837341309
1.7095654010772705,1.619565486907959,1.619565486907959,1.6295654773712158,1.619565486907959,1.6495654582977295,1.8095654249191284,2.0195653438568115,2.1595654487609863,2.249565362930298,2.309565544128418,2.3895654678344727,2.4295654296875,2.309565544128418,2.129565477371216,1.9295654296875,1.6995654106140137,1.5495654344558716,1.369565486907959,1.0695654153823853,0.7695654034614563,0.6595654487609863,0.6695654392242432,0.6095654368400574,0.3695654273033142,0.1495654284954071,-0.11043456941843033,-0.2604345679283142,-0.37043458223342896,-0.46043455600738525,-0.620434582233429,-0.9004345536231995,-1.3004345893859863,-1.8204345703125,-2.520434617996216,-3.430434465408325,-4.60043478012085,-5.910434722900391,-7.170434474945068,-8.170434951782227,-8.8804349899292,-9.3204345703125,-9.460434913635254
3.8495655059814453,3.8295655250549316,3.879565477371216,3.8995654582977295,3.859565496444702,3.809565544128418,3.8395655155181885,3.859565496444702,3.8295655250549316,3.7695653438568115,3.689565420150757,3.569565534591675,3.489565372467041,3.3995654582977295,3.299565315246582,3.169565439224243,3.1495654582977295,3.049565315246582,2.939565420150757,2.8295655250549316,2.689565420150757,2.569565534591675,2.4595654010772705,2.299565315246582,2.0195653438568115,1.7595654726028442,1.619565486907959,1.579565405845642,1.5495654344558716,1.5395654439926147,1.4995654821395874,1.369565486907959,1.119565486907959,0.7895654439926147,0.28956544399261475,-0.40043458342552185,-1.2404345273971558,-2.2404346466064453,-3.4104344844818115,-4.650434494018555,-5.910434722900391,-7.160434722900391,-8.23043441772461
7.20956563949585,7.309565544128418,7.369565486907959,7.349565505981445,7.239565372467041,7.039565563201904,6.839565277099609,6.619565486907959,6.409565448760986,6.279565334320068,6.139565467834473,5.919565200805664,5.629565238952637,5.39956521987915,5.4295654296875,5.509565353393555,5.549565315246582,5.519565582275391,5.369565486907959,5.159565448760986,4.999565601348877,4.879565238952637,4.759565353393555,4.529565334320068,4.169565200805664,3.819565534591675,3.629565477371216,3.539565324783325,3.479565382003784,3.4495654106140137,3.3995654582977295,3.299565315246582,3.2595653533935547,3.299565315246582,3.2195653915405273,2.8295655250549316,2.0795655250549316,0.9595654010772705,-0.28043457865715027,-1.4604345560073853,-2.5504345893859863,-3.6104345321655273,-4.690434455871582
9.549565315246582,9.729565620422363,9.849565505981445,9.809565544128418,9.659564971923828,9.4295654296875,9.26956558227539,9.049565315246582,8.789565086364746,8.559565544128418,8.479565620422363,8.409564971923828,8.33956527709961,8.26956558227539,8.259565353393555,8.319565773010254,8.329565048217773,8.26956558227539,8.149565696716309,8.059565544128418,8.049565315246582,8.01956558227539,7.909565448760986,7.609565258026123,7.089565277099609,6.439565658569336,5.879565238952637,5.589565277099609,5.479565620422363,5.469565391540527,5.439565658569336,5.349565505981445,5.309565544128418,5.389565467834473,5.519565582275391,5.599565505981445,5.529565334320068,5.029565334320068,4.009565353393555,2.7095654010772705,1.339565396308899,0.059565428644418716,-1.0204346179962158
10.439565658569336,10.529565811157227,10.629565238952637,10.699565887451172,10.699565887451172,10.669565200805664,10.629565238952637,10.529565811157227,10.3695650100708,10.26956558227539,10.169565200805664,10.039565086364746,9.979565620422363,9.969565391540527,10.01956558227539,10.049565315246582,10.079565048217773,10.109565734863281,10.1195650100708,10.229565620422363,10.4295654296875,10.659564971923828,10.749565124511719,10.549565315246582,10.01956558227539,9.229565620422363,8.389565467834473,7.769565582275391,7.349565505981445,7.049565315246582,6.819565296173096,6.689565658569336,6.739565372467041,6.9295654296875,7.199565410614014,7.469565391540527,7.589565277099609,7.489565372467041,7.119565486907959,6.529565334320068,5.739565372467041,4.619565486907959,3.299565315246582
10.939565658569336,10.849565505981445,10.849565505981445,11.01956558227539,11.1795654296875,11.26956558227539,11.199565887451172,11.099565505981445,10.949565887451172,10.729565620422363,10.459565162658691,10.249565124511719,10.159564971923828,10.229565620422363,10.359565734863281,10.459565162658691,10.559565544128418,10.7395658493042,10.979565620422363,11.219565391540527,11.469565391540527,11.799565315246582,12.1195650100708,12.229565620422363,11.969565391540527,11.309565544128418,10.459565162658691,9.569565773010254,8.759565353393555,8.33956527709961,8.1195650100708,7.909565448760986,7.879565238952637,8.079565048217773,8.359565734863281,8.419565200805664,7.919565200805664,7.389565467834473,7.339565277099609,7.579565525054932,7.859565258026123,7.919565200805664,7.299565315246582
11.349565505981445,11.379565238952637,11.389565467834473,11.449565887451172,11.449565887451172,11.299565315246582,11.189565658569336,11.219565391540527,11.139565467834473,10.879565238952637,10.609565734863281,10.4895658493042,10.509565353393555,10.649565696716309,10.789565086364746,10.819565773010254,10.759565353393555,10.789565086364746,10.9895658493042,11.249565124511719,11.4895658493042,11.699565887451172,11.879565238952637,12.1195650100708,12.389565467834473,12.349565505981445,11.829565048217773,10.83956527709961,9.829565048217773,9.3695650100708,8.9295654296875,8.479565620422363,8.419565200805664,8.76956558227539,9.209565162658691,9.279565811157227,8.83956527709961,8.389565467834473,8.139565467834473,8.079565048217773,8.059565544128418,7.89956521987915,7.869565486907959
11.729565620422363,11.659564971923828,11.51956558227539,11.389565467834473,11.26956558227539,11.1795654296875,11.189565658569336,11.199565887451172,11.039565086364746,10.799565315246582,10.659564971923828,10.6195650100708,10.649565696716309,10.749565124511719,10.859565734863281,11.049565315246582,11.349565505981445,11.659564971923828,11.859565734863281,11.9295654296875,11.879565238952637,11.749565124511719,11.669565200805664,11.829565048217773,12.109565734863281,12.309565544128418,12.33956527709961,12.029565811157227,11.26956558227539,10.209565162658691,9.3695650100708,8.889565467834473,8.6195650100708,8.789565086364746,9.33956527709961,9.819565773010254,9.709565162658691,9.129565238952637,8.659564971923828,8.499565124511719,8.499565124511719,8.409564971923828,8.299565315246582
11.969565391540527,11.859565734863281,11.669565200805664,11.569565773010254,11.529565811157227,11.469565391540527,11.379565238952637,11.259565353393555,11.219565391540527,11.2395658493042,11.26956558227539,11.299565315246582,11.3695650100708,11.529565811157227,11.629565238952637,11.6195650100708,11.699565887451172,11.899565696716309,12.059565544128418,12.109565734863281,12.08956527709961,11.999565124511719,11.809565544128418,11.649565696716309,11.649565696716309,11.859565734863281,12.309565544128418,12.639565467834473,12.459565162658691,11.709565162658691,10.809565544128418,10.199565887451172,9.779565811157227,9.51956558227539,9.659564971923828,10.009565353393555,10.1795654296875,9.829565048217773,9.059565544128418,8.33956527709961,8.099565505981445,8.199565887451172,8.229565620422363
12.759565353393555,12.8695650100708,12.879565238952637,12.859565734863281,12.669565200805664,12.449565887451172,12.289565086364746,12.319565773010254,12.6195650100708,12.949565887451172,13.189565658569336,13.389565467834473,13.399565696716309,13.1195650100708,12.729565620422363,12.509565353393555,12.469565391540527,12.459565162658691,12.3695650100708,12.159564971923828,11.9295654296875,11.76956558227539,11.599565505981445,11.479565620422363,11.499565124511719,11.639565467834473,11.969565391540527,12.4295654296875,12.76956558227539,12.729565620422363,12.359565734863281,11.83956527709961,11.1195650100708,10.559565544128418,10.319565773010254,10.319565773010254,10.599565505981445,10.7395658493042,10.169565200805664,9.129565238952637,8.479565620422363,8.319565773010254,8.409564971923828
13.659564971923828,13.939565658569336,14.279565811157227,14.569565773010254,14.6195650100708,14.569565773010254,14.559565544128418,14.479565620422363,14.399565696716309,14.459565162658691,14.539565086364746,14.689565658569336,14.969565391540527,15.08956527709961,14.669565200805664,13.83956527709961,13.209565162658691,13.08956527709961,13.149565696716309,13.01956558227539,12.719565391540527,12.259565353393555,11.76956558227539,11.469565391540527,11.459565162658691,11.649565696716309,11.879565238952637,12.069565773010254,12.259565353393555,12.459565162658691,12.659564971923828,12.7395658493042,12.409564971923828,11.749565124511719,11.1195650100708,10.799565315246582,10.849565505981445,11.1795654296875,11.229565620422363,10.639565467834473,10.059565544128418,9.689565658569336,9.4895658493042
