Chrome_Extension/data/gfs_velocity_925mb.json
{"header": { "discipline": 0, "disciplineName": "Meteorological products", "parameterCategory": 2, "parameterCategoryName": "Momentum", "parameterNumber": 3, "parameterNumberName": "V-component_of_wind", "parameterUnit": "m.s-1", "forecastTime": 1, "refTime": "2021-03-21 06:00:00", "surface1Type": 100, "surface1TypeName": "Isobaric surface", "surface1Value": 925, "gridDefinition": "Latitude_Longitude", "nx": 280, "ny": 200, "lo1": -140.0, "la1": 65.0, "lo2": -70.25, "la2": 15.25, "dx": 0.25, "dy": 0.25, "unit": "m/s" }, "data":
[rows 171 to 189 of 200, columns 0 to 42 of 280]
-6.408635139465332,-6.608635425567627,-5.698635101318359,-5.178635120391846,-5.088635444641113,-4.648635387420654,-4.448635101318359,-4.238635063171387,-3.838635206222534,-3.6286351680755615,-3.7686352729797363,-4.03863525390625,-3.648635149002075,-3.588635206222534,-3.9586353302001953,-4.088635444641113,-3.858635187149048,-3.668635368347168,-3.8286352157592773,-4.53863525390625,-4.868635177612305,-5.048635482788086,-5.058635234832764,-5.2586350440979,-5.208635330200195,-4.868635177612305,-4.588635444641113,-5.018635272979736,-5.528635025024414,-5.618635177612305,-5.528635025024414,-5.378635406494141,-5.608635425567627,-5.898635387420654,-6.018635272979736,-6.358635425567627,-6.458635330200195,-6.528635025024414,-6.698635101318359,-6.808635234832764,-6.598635196685791,-5.778635025024414,-4.548635482788086
-6.718635082244873,-5.5686354637146,-5.138635158538818,-5.408635139465332,-4.948635101318359,-4.938635349273682,-4.358635425567627,-3.7586352825164795,-3.468635320663452,-3.658635139465332,-4.188635349273682,-4.298635482788086,-4.148635387420654,-4.308635234832764,-4.308635234832764,-4.078635215759277,-4.088635444641113,-4.208635330200195,-3.898635149002075,-4.03863525390625,-4.388635158538818,-4.608635425567627,-4.998635292053223,-5.058635234832764,-4.848635196685791,-4.588635444641113,-4.308635234832764,-4.668635368347168,-5.368635177612305,-5.878635406494141,-5.708635330200195,-5.518635272979736,-5.668635368347168,-5.8186354637146,-6.398635387420654,-6.778635025024414,-6.668635368347168,-6.698635101318359,-6.78863525390625,-6.358635425567627,-5.578635215759277,-4.518635272979736,-4.498635292053223
-5.618635177612305,-5.028635025024414,-5.378635406494141,-5.358635425567627,-5.748635292053223,-4.5686354637146,-3.78863525390625,-3.3886351585388184,-3.5786352157592773,-3.9986352920532227,-4.408635139465332,-4.268635272979736,-4.53863525390625,-4.798635482788086,-4.578635215759277,-4.718635082244873,-5.088635444641113,-5.458635330200195,-5.518635272979736,-5.158635139465332,-4.988635063171387,-5.198635101318359,-5.448635101318359,-5.518635272979736,-5.448635101318359,-5.178635120391846,-5.178635120391846,-5.158635139465332,-5.278635025024414,-5.658635139465332,-5.648635387420654,-5.638635158538818,-5.638635158538818,-5.898635387420654,-6.458635330200195,-6.468635082244873,-6.248635292053223,-6.388635158538818,-6.478635311126709,-5.908635139465332,-4.638635158538818,-4.138635158538818,-4.498635292053223
-5.248635292053223,-5.208635330200195,-5.388635158538818,-6.338635444641113,-4.888635158538818,-3.608635187149048,-3.468635320663452,-3.9386353492736816,-4.148635387420654,-4.168635368347168,-4.3186354637146,-4.278635025024414,-4.0086350440979,-3.6386351585388184,-3.838635206222534,-4.598635196685791,-4.898635387420654,-4.938635349273682,-4.968635082244873,-4.928635120391846,-5.118635177612305,-5.358635425567627,-5.5086350440979,-5.188635349273682,-5.048635482788086,-5.218635082244873,-5.528635025024414,-5.348635196685791,-4.998635292053223,-5.058635234832764,-5.308635234832764,-5.418635368347168,-5.418635368347168,-5.308635234832764,-5.178635120391846,-5.088635444641113,-5.358635425567627,-5.368635177612305,-4.998635292053223,-4.438635349273682,-3.9586353302001953,-4.468635082244873,-4.228635311126709
-5.348635196685791,-5.988635063171387,-6.388635158538818,-5.418635368347168,-4.098635196685791,-3.988635301589966,-4.528635025024414,-4.968635082244873,-4.958635330200195,-4.598635196685791,-4.148635387420654,-3.928635358810425,-3.7486352920532227,-3.528635263442993,-3.9386353492736816,-4.328635215759277,-3.928635358810425,-3.4586353302001953,-3.4986352920532227,-3.8286352157592773,-4.168635368347168,-4.578635215759277,-4.888635158538818,-4.978635311126709,-4.848635196685791,-5.028635025024414,-5.018635272979736,-4.518635272979736,-4.248635292053223,-4.058635234832764,-4.328635215759277,-4.8186354637146,-5.03863525390625,-4.958635330200195,-4.868635177612305,-4.848635196685791,-4.988635063171387,-5.138635158538818,-4.768635272979736,-3.968635320663452,-3.9486353397369385,-3.9986352920532227,-4.248635292053223
-6.2586350440979,-6.478635311126709,-6.198635101318359,-5.3186354637146,-4.618635177612305,-4.298635482788086,-3.9986352920532227,-3.988635301589966,-4.3186354637146,-4.408635139465332,-4.208635330200195,-3.9486353397369385,-4.298635482788086,-4.828635215759277,-5.378635406494141,-5.228635311126709,-4.978635311126709,-4.828635215759277,-4.408635139465332,-4.2586350440979,-4.308635234832764,-4.28863525390625,-4.498635292053223,-4.658635139465332,-4.478635311126709,-4.528635025024414,-4.198635101318359,-3.8786351680755615,-3.8686351776123047,-3.858635187149048,-4.188635349273682,-4.198635101318359,-4.0686354637146,-4.28863525390625,-4.578635215759277,-4.598635196685791,-4.428635120391846,-4.478635311126709,-4.468635082244873,-4.298635482788086,-4.458635330200195,-4.468635082244873,-4.28863525390625
-7.188635349273682,-6.278635025024414,-5.278635025024414,-4.578635215759277,-4.028635025024414,-3.7586352825164795,-3.678635358810425,-3.8286352157592773,-4.228635311126709,-4.658635139465332,-4.938635349273682,-5.228635311126709,-5.588635444641113,-5.838635444641113,-5.53863525390625,-4.938635349273682,-4.478635311126709,-4.458635330200195,-4.78863525390625,-5.078635215759277,-5.148635387420654,-4.938635349273682,-4.748635292053223,-4.498635292053223,-4.338635444641113,-4.138635158538818,-3.7086353302001953,-3.7486352920532227,-4.048635482788086,-4.328635215759277,-4.218635082244873,-4.058635234832764,-3.9386353492736816,-4.058635234832764,-3.9986352920532227,-4.138635158538818,-4.358635425567627,-4.278635025024414,-3.9586353302001953,-4.108635425567627,-4.238635063171387,-3.968635320663452,-3.53863525390625
-6.088635444641113,-5.098635196685791,-4.418635368347168,-4.128635406494141,-4.198635101318359,-4.588635444641113,-5.028635025024414,-5.188635349273682,-5.358635425567627,-5.148635387420654,-4.868635177612305,-4.768635272979736,-4.728635311126709,-4.798635482788086,-4.588635444641113,-4.308635234832764,-4.2586350440979,-4.468635082244873,-4.848635196685791,-4.918635368347168,-4.8186354637146,-4.988635063171387,-4.738635063171387,-4.188635349273682,-3.988635301589966,-3.648635149002075,-3.608635187149048,-3.8886351585388184,-4.148635387420654,-4.108635425567627,-4.078635215759277,-4.268635272979736,-4.488635063171387,-4.498635292053223,-4.0086350440979,-4.168635368347168,-4.668635368347168,-4.518635272979736,-4.158635139465332,-4.118635177612305,-3.668635368347168,-3.3286352157592773,-3.5786352157592773
-4.858635425567627,-4.748635292053223,-4.638635158538818,-4.908635139465332,-5.488635063171387,-5.858635425567627,-5.8186354637146,-5.728635311126709,-5.338635444641113,-4.458635330200195,-4.028635025024414,-4.028635025024414,-4.558635234832764,-4.798635482788086,-4.548635482788086,-4.338635444641113,-4.548635482788086,-4.668635368347168,-4.668635368347168,-4.628635406494141,-4.398635387420654,-4.238635063171387,-3.7486352920532227,-3.428635358810425,-3.478635311126709,-3.6286351680755615,-3.838635206222534,-3.8886351585388184,-3.8786351680755615,-3.7486352920532227,-3.908635139465332,-4.158635139465332,-4.348635196685791,-4.188635349273682,-4.078635215759277,-4.478635311126709,-4.458635330200195,-4.248635292053223,-4.248635292053223,-4.158635139465332,-3.608635187149048,-3.4586353302001953,-3.778635263442993
-5.28863525390625,-5.328635215759277,-5.53863525390625,-5.838635444641113,-5.808635234832764,-5.488635063171387,-5.28863525390625,-5.0686354637146,-4.888635158538818,-4.798635482788086,-4.958635330200195,-5.228635311126709,-5.5086350440979,-5.2586350440979,-4.828635215759277,-4.618635177612305,-4.598635196685791,-4.578635215759277,-4.668635368347168,-4.648635387420654,-4.458635330200195,-4.178635120391846,-3.738635301589966,-3.4986352920532227,-3.5686352252960205,-3.7486352920532227,-3.8286352157592773,-3.858635187149048,-3.838635206222534,-4.088635444641113,-4.208635330200195,-4.128635406494141,-4.158635139465332,-4.198635101318359,-4.278635025024414,-4.3186354637146,-4.238635063171387,-4.088635444641113,-3.968635320663452,-3.8686351776123047,-3.8686351776123047,-4.218635082244873,-4.578635215759277
-5.028635025024414,-5.368635177612305,-6.058635234832764,-6.228635311126709,-5.728635311126709,-5.368635177612305,-5.058635234832764,-4.778635025024414,-4.888635158538818,-5.268635272979736,-5.488635063171387,-5.798635482788086,-5.5086350440979,-4.928635120391846,-4.708635330200195,-4.298635482788086,-4.188635349273682,-4.408635139465332,-4.5686354637146,-4.418635368347168,-4.118635177612305,-3.8286352157592773,-3.648635149002075,-3.648635149002075,-3.678635358810425,-3.5786352157592773,-3.718635320663452,-3.8886351585388184,-4.118635177612305,-4.338635444641113,-4.358635425567627,-4.328635215759277,-4.218635082244873,-4.058635234832764,-3.9986352920532227,-4.0686354637146,-4.088635444641113,-4.0086350440979,-3.918635368347168,-3.8186352252960205,-4.2586350440979,-4.768635272979736,-4.968635082244873
-4.998635292053223,-5.988635063171387,-6.378635406494141,-6.298635482788086,-6.098635196685791,-5.498635292053223,-4.858635425567627,-4.828635215759277,-4.848635196685791,-4.978635311126709,-5.358635425567627,-5.488635063171387,-4.958635330200195,-4.708635330200195,-4.148635387420654,-3.6186351776123047,-3.798635244369507,-4.178635120391846,-4.108635425567627,-3.8286352157592773,-3.668635368347168,-3.588635206222534,-3.488635301589966,-3.718635320663452,-3.928635358810425,-3.8286352157592773,-3.778635263442993,-3.8886351585388184,-4.128635406494141,-4.328635215759277,-4.438635349273682,-4.298635482788086,-4.028635025024414,-3.8886351585388184,-3.848635196685791,-3.9386353492736816,-4.048635482788086,-4.2586350440979,-4.348635196685791,-4.578635215759277,-4.778635025024414,-4.948635101318359,-4.968635082244873
-5.418635368347168,-5.868635177612305,-5.778635025024414,-5.608635425567627,-5.338635444641113,-4.848635196685791,-4.7586350440979,-5.0686354637146,-4.918635368347168,-4.918635368347168,-4.908635139465332,-4.688635349273682,-4.668635368347168,-4.278635025024414,-3.798635244369507,-3.9586353302001953,-4.3186354637146,-4.148635387420654,-3.848635196685791,-3.588635206222534,-3.2086353302001953,-3.028635263442993,-3.6886353492736816,-4.208635330200195,-4.208635330200195,-3.9586353302001953,-3.908635139465332,-4.0686354637146,-4.208635330200195,-4.308635234832764,-4.238635063171387,-3.968635320663452,-3.898635149002075,-4.058635234832764,-4.268635272979736,-4.348635196685791,-4.428635120391846,-4.638635158538818,-4.808635234832764,-4.898635387420654,-4.888635158538818,-4.888635158538818,-4.908635139465332
-5.578635215759277,-5.578635215759277,-5.608635425567627,-5.368635177612305,-4.828635215759277,-4.638635158538818,-5.208635330200195,-5.378635406494141,-5.208635330200195,-4.948635101318359,-4.328635215759277,-4.178635120391846,-4.368635177612305,-4.028635025024414,-4.028635025024414,-4.218635082244873,-4.118635177612305,-3.8186352252960205,-3.53863525390625,-3.338635206222534,-3.3886351585388184,-3.778635263442993,-4.018635272979736,-3.8886351585388184,-3.918635368347168,-4.048635482788086,-4.218635082244873,-4.308635234832764,-4.088635444641113,-3.838635206222534,-3.6186351776123047,-3.78863525390625,-4.088635444641113,-4.268635272979736,-4.468635082244873,-4.598635196685791,-4.728635311126709,-4.848635196685791,-4.978635311126709,-4.928635120391846,-4.798635482788086,-4.868635177612305,-4.938635349273682
-6.098635196685791,-5.998635292053223,-5.3186354637146,-4.78863525390625,-4.518635272979736,-4.878635406494141,-5.488635063171387,-5.658635139465332,-5.518635272979736,-5.018635272979736,-4.578635215759277,-4.438635349273682,-4.278635025024414,-4.118635177612305,-4.348635196685791,-4.298635482788086,-4.028635025024414,-3.8086352348327637,-3.678635358810425,-3.668635368347168,-3.978635311126709,-4.0686354637146,-3.798635244369507,-3.838635206222534,-4.048635482788086,-4.388635158538818,-4.618635177612305,-4.578635215759277,-4.208635330200195,-3.7086353302001953,-3.5786352157592773,-3.9486353397369385,-4.408635139465332,-4.598635196685791,-4.728635311126709,-4.858635425567627,-4.858635425567627,-4.918635368347168,-4.978635311126709,-4.838635444641113,-4.878635406494141,-4.918635368347168,-4.988635063171387
-6.238635063171387,-5.7586350440979,-4.978635311126709,-4.708635330200195,-4.738635063171387,-5.078635215759277,-5.338635444641113,-5.298635482788086,-4.948635101318359,-4.698635101318359,-4.7586350440979,-4.728635311126709,-4.3186354637146,-3.858635187149048,-4.0086350440979,-3.798635244369507,-3.668635368347168,-3.848635196685791,-3.8886351585388184,-4.0686354637146,-4.218635082244873,-3.9586353302001953,-3.7586352825164795,-3.9986352920532227,-4.3186354637146,-4.608635425567627,-4.688635349273682,-4.348635196685791,-4.088635444641113,-3.778635263442993,-4.0086350440979,-4.418635368347168,-4.648635387420654,-4.78863525390625,-4.878635406494141,-4.798635482788086,-4.668635368347168,-4.828635215759277,-4.948635101318359,-5.088635444641113,-5.118635177612305,-4.968635082244873,-5.078635215759277
-6.0086350440979,-5.208635330200195,-4.918635368347168,-4.888635158538818,-4.958635330200195,-5.138635158538818,-5.128635406494141,-4.948635101318359,-4.548635482788086,-4.388635158538818,-4.448635101318359,-4.438635349273682,-4.178635120391846,-3.718635320663452,-3.488635301589966,-3.398635149002075,-3.678635358810425,-3.8186352252960205,-3.78863525390625,-3.988635301589966,-3.988635301589966,-3.8086352348327637,-4.168635368347168,-4.5086350440979,-4.528635025024414,-4.658635139465332,-4.458635330200195,-4.168635368347168,-3.988635301589966,-4.308635234832764,-4.618635177612305,-4.598635196685791,-4.618635177612305,-4.7586350440979,-4.7586350440979,-4.738635063171387,-4.918635368347168,-5.048635482788086,-5.2586350440979,-5.418635368347168,-5.298635482788086,-5.108635425567627,-5.098635196685791
-5.358635425567627,-4.958635330200195,-5.028635025024414,-4.748635292053223,-4.868635177612305,-5.088635444641113,-4.948635101318359,-4.598635196685791,-4.298635482788086,-4.168635368347168,-4.098635196685791,-4.078635215759277,-3.9586353302001953,-3.928635358810425,-3.908635139465332,-3.78863525390625,-3.8086352348327637,-3.678635358810425,-3.5086352825164795,-3.53863525390625,-3.3886351585388184,-3.858635187149048,-4.408635139465332,-4.428635120391846,-4.428635120391846,-4.438635349273682,-4.198635101318359,-4.0686354637146,-4.358635425567627,-4.8186354637146,-4.898635387420654,-4.78863525390625,-4.678635120391846,-4.718635082244873,-4.7586350440979,-4.898635387420654,-5.058635234832764,-5.188635349273682,-5.398635387420654,-5.388635158538818,-5.198635101318359,-5.078635215759277,-5.118635177612305
-4.948635101318359,-5.108635425567627,-4.978635311126709,-4.938635349273682,-5.178635120391846,-4.898635387420654,-4.648635387420654,-4.518635272979736,-4.298635482788086,-4.03863525390625,-3.6886353492736816,-3.678635358810425,-3.778635263442993,-3.908635139465332,-4.048635482788086,-4.078635215759277,-3.7686352729797363,-3.6186351776123047,-3.6386351585388184,-3.858635187149048,-4.268635272979736,-4.388635158538818,-4.418635368347168,-4.358635425567627,-4.448635101318359,-4.398635387420654,-4.178635120391846,-4.298635482788086,-4.858635425567627,-5.118635177612305,-5.118635177612305,-4.848635196685791,-4.698635101318359,-4.688635349273682,-4.868635177612305,-5.178635120391846,-5.208635330200195,-5.218635082244873,-5.078635215759277,-5.0686354637146,-5.298635482788086,-5.488635063171387,-5.478635311126709
